11	701074	701194	osa-MIR1319a
3	23398067	23398185	osa-MIR1319b
6	5072508	5072603	osa-MIR1320
4	19543152	19543287	osa-MIR1423
7	26661361	26661660	osa-MIR1424
5	8862077	8862178	osa-MIR1425
1	7188218	7188347	osa-MIR1426
8	9191585	9191841	osa-MIR1427
1	13159751	13159870	osa-MIR1428a
1	25389302	25389425	osa-MIR1428b
2	2535018	2535159	osa-MIR1428c
3	23075756	23075879	osa-MIR1428d
3	23075358	23075467	osa-MIR1428e
7	5450330	5450438	osa-MIR1428f
10	3960346	3960454	osa-MIR1428g
8	2035956	2036075	osa-MIR1429
12	6823901	6824042	osa-MIR1430
1	4765320	4765559	osa-MIR1431
7	23400709	23400817	osa-MIR1432
1	29288235	29288417	osa-MIR1435
1	20315541	20315701	osa-MIR1436
8	3954865	3955132	osa-MIR1437b
10	8358474	8358660	osa-MIR1438
12	10071520	10071691	osa-MIR1439
9	5979506	5979694	osa-MIR1440a
9	5979506	5979693	osa-MIR1440b
12	19457211	19457390	osa-MIR1441
7	27588078	27588262	osa-MIR1442
1	22523102	22523201	osa-MIR156a
1	4665341	4665516	osa-MIR156b
1	4664975	4665123	osa-MIR156c
2	4512881	4513009	osa-MIR156d
4	24841188	24841291	osa-MIR156e
8	21488519	21488704	osa-MIR156f
9	15064252	15064367	osa-MIR156g
8	21488519	21488704	osa-MIR156h
2	24114126	24114215	osa-MIR156i
9	18288106	18288211	osa-MIR156k
5	5230587	5230742	osa-MIR156l
1	17680877	17681148	osa-MIR159a
1	1214030	1214217	osa-MIR159b
1	6555048	6555244	osa-MIR159c
1	6562756	6562944	osa-MIR159d
1	9759684	9759874	osa-MIR159e
1	6692112	6692299	osa-MIR159f
2	3511583	3511670	osa-MIR160a
6	28080022	28080160	osa-MIR160b
8	1706571	1706669	osa-MIR160c
3	32447861	32448002	osa-MIR160d
7	2215762	2215875	osa-MIR160e
8	24394168	24394267	osa-MIR160f
2	23599930	23600100	osa-MIR162a
4	24220760	24220893	osa-MIR162b
7	28522349	28522504	osa-MIR164a
5	15838704	15838812	osa-MIR164b
5	17267083	17267201	osa-MIR164c
2	33137698	33137791	osa-MIR164d
3	10541073	10541204	osa-MIR164e
5	23281329	23281538	osa-MIR164f
10	19915634	19915778	osa-MIR166a
6	30326086	30326291	osa-MIR166b
3	3486784	3486908	osa-MIR166c
2	26124190	26124314	osa-MIR166d
3	764722	764858	osa-MIR166e
10	14412056	14412162	osa-MIR166f
12	18300803	18300947	osa-MIR166g
2	32429305	32429423	osa-MIR166h
3	25293034	25293178	osa-MIR166i
3	30385671	30385770	osa-MIR166j
2	32429134	32429260	osa-MIR166k
9	16950816	16950932	osa-MIR166l
8	23042643	23042842	osa-MIR166m
12	25443203	25443343	osa-MIR167a
3	30539817	30539979	osa-MIR167b
3	33123489	33123651	osa-MIR167c
7	4165296	4165405	osa-MIR167d
2	3742238	3742510	osa-MIR167e
10	14651810	14651922	osa-MIR167f
3	3346678	3346759	osa-MIR167g
12	25447013	25447132	osa-MIR167h
6	27673751	27673951	osa-MIR167i
1	32685024	32685183	osa-MIR167j
2	1553154	1553240	osa-MIR168a
2	27330559	27330664	osa-MIR168b
1	8728104	8728276	osa-MIR169a
6	27294911	27295038	osa-MIR169b
4	30527213	30527324	osa-MIR169c
9	14619381	14619483	osa-MIR169d
2	31199997	31200128	osa-MIR169e
2	18552430	18552643	osa-MIR169f
4	19248115	19248240	osa-MIR169g
8	26804635	26804756	osa-MIR169h
8	26800402	26800577	osa-MIR169i
9	19788380	19788504	osa-MIR169j
9	19791652	19791807	osa-MIR169k
8	26814774	26814881	osa-MIR169l
8	26811183	26811320	osa-MIR169m
11	6081004	6081180	osa-MIR169n
11	6077280	6077452	osa-MIR169o
8	7640332	7640457	osa-MIR169p
8	26814774	26814881	osa-MIR169q
3	35775285	35775413	osa-MIR169r
6	25890135	25890230	osa-MIR171a
8	5368156	5368255	osa-MIR171b
4	31528365	31528463	osa-MIR171c
10	21165791	21165925	osa-MIR171d
3	1969483	1969601	osa-MIR171e
3	30020813	30020939	osa-MIR171f
7	15635751	15635839	osa-MIR171g
4	28297308	28297408	osa-MIR171h
3	21190113	21190232	osa-MIR171i
9	22881353	22881461	osa-MIR172a
1	42922692	42922929	osa-MIR172b
7	13110492	13110602	osa-MIR172c
2	35137668	35137797	osa-MIR172d
10	528250	528361	osa-MIR1846a
11	27244208	27244319	osa-MIR1846b
12	269780	269865	osa-MIR1846c
1	39636022	39636137	osa-MIR1846d
9	13210436	13210504	osa-MIR1846e
1	20331833	20331942	osa-MIR1847
4	17959850	17959912	osa-MIR1848
4	22039694	22039783	osa-MIR1849
5	26212571	26212703	osa-MIR1850
5	25986735	25987205	osa-MIR1851
5	20698466	20698600	osa-MIR1852
8	3688094	3688182	osa-MIR1853
8	7857369	7857476	osa-MIR1854
11	21242848	21242957	osa-MIR1855
11	10370693	10370841	osa-MIR1856
11	2729806	2729935	osa-MIR1857
9	13535610	13535809	osa-MIR1858a
9	13193039	13193232	osa-MIR1858b
1	672278	672374	osa-MIR1859
1	933420	933567	osa-MIR1860
1	15048746	15048874	osa-MIR1861a
2	20710094	20710211	osa-MIR1861b
2	20710306	20710412	osa-MIR1861c
4	6531780	6531897	osa-MIR1861d
4	6531999	6532090	osa-MIR1861e
5	18605881	18605996	osa-MIR1861f
5	18606094	18606200	osa-MIR1861g
6	27237193	27237296	osa-MIR1861h
6	14948510	14948601	osa-MIR1861i
8	15130013	15130122	osa-MIR1861j
8	15129815	15129906	osa-MIR1861k
9	13531425	13531553	osa-MIR1861l
9	13531648	13531743	osa-MIR1861m
12	16583837	16583965	osa-MIR1861n
1	26191264	26191351	osa-MIR1862a
8	8340204	8340402	osa-MIR1862b
10	16022656	16022744	osa-MIR1862c
10	4850148	4850297	osa-MIR1862d
11	2519136	2519228	osa-MIR1862e
4	20168445	20168567	osa-MIR1862g
2	8521745	8522118	osa-MIR1863a
12	4866242	4866601	osa-MIR1863b
12	4868192	4868482	osa-MIR1863c
2	14943203	14943458	osa-MIR1864
3	33993464	33993607	osa-MIR1865
3	6509870	6509954	osa-MIR1866
4	19543483	19543651	osa-MIR1868
4	21472902	21473039	osa-MIR1869
6	21163758	21163966	osa-MIR1870
6	13329465	13329599	osa-MIR1871
6	4922863	4922940	osa-MIR1872
7	12754920	12755116	osa-MIR1873
8	8701802	8701952	osa-MIR1874
9	17566946	17567197	osa-MIR1875
10	4849902	4850058	osa-MIR1876
9	21043392	21043652	osa-MIR1877
9	16554508	16554607	osa-MIR1878
10	5651858	5652007	osa-MIR1879
11	13496198	13496326	osa-MIR1880
12	5724904	5725241	osa-MIR1881
3	18922618	18922776	osa-MIR1882a
7	9121417	9121546	osa-MIR1882c
8	18736606	18736765	osa-MIR1882d
10	10249725	10249865	osa-MIR1882e
11	11067799	11067958	osa-MIR1882f
11	20362512	20362669	osa-MIR1882g
12	21478066	21478258	osa-MIR1882h
11	13059842	13059959	osa-MIR1883a
11	9362570	9362705	osa-MIR1883b
9	430432	430531	osa-MIR2055
1	38763246	38763348	osa-MIR2090
12	19374838	19374923	osa-MIR2091
12	10113734	10113836	osa-MIR2092
5	15998532	15998589	osa-MIR2093
2	29773769	29773840	osa-MIR2094
10	5947998	5948084	osa-MIR2095
1	6442388	6442624	osa-MIR2096
1	9054603	9054779	osa-MIR2097
10	18009013	18009084	osa-MIR2098
1	42569810	42569869	osa-MIR2099
11	15729869	15730021	osa-MIR2100
12	17958127	17958233	osa-MIR2101
5	18189969	18190077	osa-MIR2102
12	16846519	16846591	osa-MIR2103
11	12908329	12908433	osa-MIR2104
12	4601427	4601509	osa-MIR2105
2	23762740	23762825	osa-MIR2106
4	21470973	21471151	osa-MIR2118a
4	21473335	21473513	osa-MIR2118b
4	21476018	21476114	osa-MIR2118c
4	21475739	21475914	osa-MIR2118d
4	21475478	21475654	osa-MIR2118e
4	21478564	21478732	osa-MIR2118f
4	21478351	21478510	osa-MIR2118g
4	21480702	21480858	osa-MIR2118h
4	21480438	21480618	osa-MIR2118i
4	21482644	21482814	osa-MIR2118j
4	21484994	21485170	osa-MIR2118k
4	21484758	21484934	osa-MIR2118l
4	21486901	21487070	osa-MIR2118m
4	21489544	21489722	osa-MIR2118n
4	21489322	21489476	osa-MIR2118o
11	7803178	7803351	osa-MIR2118p
11	7806454	7806630	osa-MIR2118q
11	7805968	7806142	osa-MIR2118r
8	22731060	22731132	osa-MIR2120
1	16372402	16372521	osa-MIR2121a
4	16710286	16710462	osa-MIR2121b
2	8715221	8715432	osa-MIR2122
8	1203977	1204137	osa-MIR2275a
8	1201492	1201591	osa-MIR2275b
7	16718779	16718887	osa-MIR2275c
8	3735809	3735935	osa-MIR2275d
3	27101392	27101512	osa-MIR2863a
2	4195662	4195762	osa-MIR2863b
2	29863624	29863737	osa-MIR2863c
12	25631116	25631216	osa-MIR2864
9	8514693	8514793	osa-MIR2865
3	7330598	7330698	osa-MIR2866
11	15812523	15812623	osa-MIR2867
11	17472128	17472208	osa-MIR2868
5	26852686	26852846	osa-MIR2869
1	27180828	27180988	osa-MIR2870
5	3876990	3877110	osa-MIR2871a
4	8336073	8336213	osa-MIR2871b
11	2520898	2521257	osa-MIR2872
11	28410361	28410461	osa-MIR2873a
2	18968874	18969033	osa-MIR2873b
7	27502439	27502560	osa-MIR2873c
8	15595314	15595414	osa-MIR2874
8	27089347	27089427	osa-MIR2875
6	17007978	17008158	osa-MIR2876
4	28400059	28400419	osa-MIR2877
8	26178659	26178759	osa-MIR2878
2	18890039	18890339	osa-MIR2879
3	22740107	22740286	osa-MIR2880
3	13590611	13590691	osa-MIR2905
3	23596725	23596789	osa-MIR2907a
11	7273770	7273834	osa-MIR2907b
11	11900931	11901018	osa-MIR2907c
12	12112426	12112491	osa-MIR2907d
6	31090923	31091087	osa-MIR2918
5	9936808	9936967	osa-MIR2919
7	28404514	28404723	osa-MIR2920
11	21747426	21747665	osa-MIR2921
10	22612694	22612833	osa-MIR2922
11	21040973	21041147	osa-MIR2923
1	11893295	11893414	osa-MIR2924
1	25800014	25800133	osa-MIR2925
6	11401606	11401725	osa-MIR2926
1	37097038	37097187	osa-MIR2927
2	6535928	6536127	osa-MIR2928
10	1773312	1773445	osa-MIR2929
6	8375784	8375963	osa-MIR2930
6	1892772	1892925	osa-MIR2931
10	10485444	10485583	osa-MIR2932
1	26822238	26822428	osa-MIR319a
1	6676570	6676766	osa-MIR319b
3	34268010	34268100	osa-MIR390
1	2308149	2308263	osa-MIR393a
4	34746766	34746897	osa-MIR393b
2	27142285	27142394	osa-MIR394
4	31620387	31620528	osa-MIR395a
4	31620227	31620312	osa-MIR395b
4	31620086	31620174	osa-MIR395c
4	31619948	31620035	osa-MIR395d
4	31619805	31619892	osa-MIR395e
4	31619667	31619748	osa-MIR395f
4	31619526	31619611	osa-MIR395g
8	3298147	3298258	osa-MIR395h
8	3298322	3298420	osa-MIR395i
8	3298482	3298593	osa-MIR395j
8	3298655	3298753	osa-MIR395k
8	3299000	3299093	osa-MIR395l
4	32436883	32437002	osa-MIR395m
4	32437133	32437198	osa-MIR395n
4	32437271	32437339	osa-MIR395o
4	32437415	32437482	osa-MIR395p
4	32437558	32437625	osa-MIR395q
4	32437701	32437768	osa-MIR395r
4	32437833	32437918	osa-MIR395s
9	6606353	6606495	osa-MIR395t
9	6605701	6605786	osa-MIR395u
9	6605575	6605643	osa-MIR395v
9	6605291	6605359	osa-MIR395w
4	32437957	32438052	osa-MIR395x
8	3298818	3298927	osa-MIR395y
2	34274515	34274668	osa-MIR396a
6	3668650	3668765	osa-MIR396b
2	34282004	34282144	osa-MIR396c
4	30134970	30135090	osa-MIR396d
4	34251714	34251897	osa-MIR396e
2	35630677	35630852	osa-MIR396f
6	5299631	5299811	osa-MIR396g
2	32835792	32835932	osa-MIR396h
11	19013838	19013951	osa-MIR3979
6	28488787	28488900	osa-MIR397a
2	3280779	3280896	osa-MIR397b
5	4302790	4302915	osa-MIR3981
11	1383741	1383959	osa-MIR3982
10	9145071	9145185	osa-MIR398a
7	14597624	14597711	osa-MIR398b
1	30477592	30477740	osa-MIR399a
2	7664026	7664122	osa-MIR399b
5	26243301	26243410	osa-MIR399c
6	1560790	1561075	osa-MIR399d
1	30476568	30476685	osa-MIR399e
6	20887634	20887750	osa-MIR399f
2	7675284	7675402	osa-MIR399g
5	26245299	26245397	osa-MIR399h
2	7650684	7650799	osa-MIR399i
4	28687978	28688083	osa-MIR399j
5	26248616	26248721	osa-MIR399k
1	12300635	12300847	osa-MIR408
12	10133792	10133904	osa-MIR413
11	15041204	15041309	osa-MIR414
12	26236871	26237014	osa-MIR415
4	17284208	17284316	osa-MIR416
8	14937139	14937204	osa-MIR417
2	35176753	35176834	osa-MIR418
12	8234925	8235027	osa-MIR419
5	174006	174153	osa-MIR426
3	18208232	18208363	osa-MIR435
2	17044466	17044678	osa-MIR437
6	20744968	20745153	osa-MIR438
1	19879098	19879190	osa-MIR439a
10	5589460	5589519	osa-MIR439b
7	8232830	8232922	osa-MIR439c
3	13697028	13697125	osa-MIR439d
8	15054855	15054952	osa-MIR439e
9	16962023	16962118	osa-MIR439f
8	3663231	3663318	osa-MIR439g
6	1552120	1552218	osa-MIR439h
10	15738021	15738145	osa-MIR439i
11	9159384	9159503	osa-MIR440
3	30014488	30014635	osa-MIR443
8	4113007	4113105	osa-MIR5071
6	17457698	17457773	osa-MIR5072
8	19017782	19017888	osa-MIR5073
12	12671855	12671990	osa-MIR5074
11	7874081	7874568	osa-MIR5075
1	43207578	43207806	osa-MIR5076
3	14093441	14093531	osa-MIR5077
5	21845304	21845738	osa-MIR5078
6	28180410	28180815	osa-MIR5079a
10	10844515	10844920	osa-MIR5079b
10	2320997	2321085	osa-MIR5080
7	15888	16137	osa-MIR5081
11	1285147	1285687	osa-MIR5082
1	41009530	41009909	osa-MIR5083
1	8416107	8416315	osa-MIR5143a
1	8414808	8414998	osa-MIR5143b
1	25325344	25325766	osa-MIR5144
1	40621594	40621675	osa-MIR5145
1	22417249	22417332	osa-MIR5146
2	17043989	17044354	osa-MIR5147
3	9967889	9967964	osa-MIR5148a
6	27435653	27435730	osa-MIR5148b
11	2809107	2809185	osa-MIR5148c
3	29749556	29749931	osa-MIR5149
4	18298835	18298913	osa-MIR5150
5	3661467	3661615	osa-MIR5151
5	28847393	28847608	osa-MIR5152
5	2518329	2518534	osa-MIR5153
6	5262433	5262553	osa-MIR5154
8	9178450	9178636	osa-MIR5155
8	16953047	16953389	osa-MIR5156
8	21473450	21473542	osa-MIR5157a
8	21486452	21486544	osa-MIR5157b
8	23990656	23990921	osa-MIR5158
11	11915029	11915104	osa-MIR5159
12	2038470	2038849	osa-MIR5160
12	12080889	12081164	osa-MIR5161
12	16418489	16418670	osa-MIR5162
2	12450906	12451129	osa-MIR5179
3	1666324	1666411	osa-MIR528
2	16221935	16222033	osa-MIR529a
4	15711057	15711194	osa-MIR529b
4	8298812	8298968	osa-MIR530
8	1219360	1219440	osa-MIR531a
1	832931	832999	osa-MIR531b
11	26459062	26459142	osa-MIR531c
4	5617405	5617642	osa-MIR5337a
3	35878350	35878593	osa-MIR5337b
5	15128261	15128393	osa-MIR5338
6	29361469	29361825	osa-MIR5339
2	5683378	5683465	osa-MIR5340
11	15825403	15825496	osa-MIR535
2	7796921	7797212	osa-MIR5484
3	22086582	22086699	osa-MIR5485
3	26831944	26832030	osa-MIR5486
4	17397204	17397423	osa-MIR5487
12	18010567	18010779	osa-MIR5488
11	22591364	22591647	osa-MIR5489
11	24625398	24625504	osa-MIR5490
9	6895342	6895458	osa-MIR5491
6	16972819	16972991	osa-MIR5492
2	22892175	22892431	osa-MIR5493
1	2316278	2316395	osa-MIR5494
2	20292464	20292727	osa-MIR5495
2	22853855	22853940	osa-MIR5496
3	32498885	32499022	osa-MIR5497
4	11821405	11821549	osa-MIR5498
4	17069758	17069882	osa-MIR5499
4	27545886	27545973	osa-MIR5500
4	28652731	28653096	osa-MIR5501
5	28917291	28917432	osa-MIR5502
8	10796427	10796682	osa-MIR5503
10	17156938	17157035	osa-MIR5504
12	13386344	13386551	osa-MIR5505
12	15162073	15162183	osa-MIR5506
12	20986428	20986672	osa-MIR5507
6	637204	637356	osa-MIR5508
11	23792450	23792685	osa-MIR5509
12	19099350	19099474	osa-MIR5510
4	14643725	14643852	osa-MIR5511
4	18215021	18215157	osa-MIR5512a
4	18215024	18215155	osa-MIR5512b
3	34000873	34001018	osa-MIR5513
2	22834292	22834395	osa-MIR5514
4	17072179	17072302	osa-MIR5515
5	13905210	13905278	osa-MIR5516b
6	24617624	24617726	osa-MIR5517
7	9525310	9525472	osa-MIR5518
12	24324806	24324875	osa-MIR5519
1	2333077	2333260	osa-MIR5521
4	21478374	21478486	osa-MIR5522
4	18033719	18033802	osa-MIR5523
9	3277054	3277337	osa-MIR5524
9	3903312	3903519	osa-MIR5525
10	1583712	1583964	osa-MIR5526
11	9584537	9584901	osa-MIR5527
11	9581564	9581636	osa-MIR5528
11	24338767	24339097	osa-MIR5529
12	21748875	21748992	osa-MIR5530
3	10287444	10287531	osa-MIR5531
4	23462711	23462864	osa-MIR5532
4	2757212	2757487	osa-MIR5533
11	6400047	6400148	osa-MIR5534a
11	6400174	6400271	osa-MIR5534b
12	12443314	12443641	osa-MIR5535
9	9139161	9139306	osa-MIR5536
10	11041483	11041612	osa-MIR5537
10	21265761	21265883	osa-MIR5538
12	20520336	20520411	osa-MIR5539a
1	35551685	35552027	osa-MIR5540
2	10238951	10239144	osa-MIR5541
4	32612492	32612643	osa-MIR5542
4	16245288	16245389	osa-MIR5543
2	19328970	19329174	osa-MIR5544
3	29999983	30000098	osa-MIR5788
6	1800935	1800999	osa-MIR5789
12	24340871	24341019	osa-MIR5791
10	11771699	11771775	osa-MIR5792
11	23822869	23822946	osa-MIR5793
9	11102758	11102976	osa-MIR5795
8	2671524	2671694	osa-MIR5796
7	6671125	6671281	osa-MIR5798
6	10731164	10731287	osa-MIR5799
11	24454989	24455081	osa-MIR5800
12	19289681	19289759	osa-MIR5801
4	30046408	30046494	osa-MIR5803
4	20638203	20638329	osa-MIR5804
12	13818828	13819234	osa-MIR5805
6	24707629	24707709	osa-MIR5806
8	3596500	3596852	osa-MIR5807
9	18738255	18738333	osa-MIR5808
4	23342464	23342526	osa-MIR5809
12	7330699	7330826	osa-MIR5810
3	13196712	13196788	osa-MIR5811
1	11845113	11845174	osa-MIR5812
4	9943687	9943821	osa-MIR5813
1	25016260	25016371	osa-MIR5815
9	11582947	11583086	osa-MIR5816
1	5989125	5989276	osa-MIR5817
4	13148058	13148116	osa-MIR5818
10	13911371	13911454	osa-MIR5820
12	24571881	24572127	osa-MIR5821
11	25864182	25864389	osa-MIR5822
11	21040554	21040660	osa-MIR5823
5	23528977	23529208	osa-MIR5825
11	12395230	12395561	osa-MIR5826
4	29896773	29896948	osa-MIR5827
6	16014693	16014803	osa-MIR5828
6	20148370	20148564	osa-MIR5829
1	4351437	4351631	osa-MIR5830
5	28515179	28515334	osa-MIR5831
12	21135542	21135632	osa-MIR5832
5	9341169	9341228	osa-MIR5833
6	19305713	19305973	osa-MIR5835
6	17700870	17700958	osa-MIR5836
11	24235861	24236052	osa-MIR5837
2	16641905	16642044	osa-MIR6245
3	1624434	1624517	osa-MIR6246
7	19976424	19976526	osa-MIR6247
3	32565858	32565960	osa-MIR6248
4	30101331	30101412	osa-MIR6249b
6	28263617	28263742	osa-MIR6250
12	18081980	18082065	osa-MIR6252
12	1969860	1970197	osa-MIR6254
7	25017792	25017876	osa-MIR6255
1	26249117	26249514	osa-MIR7692
12	25841494	25841813	osa-MIR7693
10	18792891	18793057	osa-MIR7694
1	11665690	11666176	osa-MIR7695
11	958575	958797	osa-MIR810b
1	33946107	33946340	osa-MIR812a
2	1936324	1936493	osa-MIR812b
6	26259310	26259473	osa-MIR812c
7	22394230	22394382	osa-MIR812d
8	16398432	16398601	osa-MIR812e
4	13234213	13234391	osa-MIR812f
3	5229013	5229254	osa-MIR812g
3	1163919	1164105	osa-MIR812h
7	22151336	22151577	osa-MIR812i
8	19803620	19803916	osa-MIR812j
8	20571946	20572132	osa-MIR812m
8	14105368	14105570	osa-MIR812n
10	18151957	18152198	osa-MIR812q
11	18343554	18343771	osa-MIR812r
3	6032231	6032401	osa-MIR812s
6	17369230	17369451	osa-MIR812t
11	8658191	8658407	osa-MIR812u
5	18372321	18372552	osa-MIR812v
1	22373985	22374081	osa-MIR814a
2	26335342	26335415	osa-MIR814b
2	10889670	10889752	osa-MIR814c
5	29683987	29684069	osa-MIR815a
5	14934769	14934898	osa-MIR815b
7	5425886	5425988	osa-MIR815c
10	21736809	21736885	osa-MIR816
2	12276361	12276443	osa-MIR817
1	40414379	40414522	osa-MIR818a
2	4007187	4007299	osa-MIR818b
2	35922869	35923044	osa-MIR818c
4	34784050	34784188	osa-MIR818d
7	28153439	28153663	osa-MIR818e
8	18743875	18744153	osa-MIR818f
1	14129453	14129643	osa-MIR820a
7	13119541	13119741	osa-MIR820b
10	6944304	6944494	osa-MIR820c
3	22972713	22972986	osa-MIR821a
7	16416232	16416518	osa-MIR821b
8	19922416	19922681	osa-MIR821c
2	23895299	23895415	osa-MIR827
