1	20315561	20315581	osa-miR1436
12	10071651	10071671	osa-miR1439
7	27588083	27588102	osa-miR1442
1	22523176	22523195	osa-miR156a
1	4665383	4665402	osa-miR156b-5p
1	4665003	4665022	osa-miR156c-5p
2	4512971	4512990	osa-miR156d
4	24841263	24841282	osa-miR156e
8	21488522	21488541	osa-miR156h-5p
2	24114194	24114213	osa-miR156i
9	18288181	18288201	osa-miR156k
5	5230597	5230617	osa-miR156l-5p
1	1214187	1214207	osa-miR159b
1	6555058	6555078	osa-miR159c
1	6562766	6562786	osa-miR159d
1	6692269	6692289	osa-miR159f
2	3511584	3511604	osa-miR160a-3p
2	3511647	3511667	osa-miR160a-5p
6	28080114	28080134	osa-miR160b-3p
6	28080051	28080071	osa-miR160b-5p
8	1706577	1706597	osa-miR160c-5p
3	32447868	32447888	osa-miR160d-5p
7	2215845	2215865	osa-miR160e-5p
8	24394239	24394259	osa-miR160f-3p
8	24394178	24394198	osa-miR160f-5p
7	28522468	28522488	osa-miR164a
5	15838784	15838804	osa-miR164b
5	17267093	17267113	osa-miR164c
2	33137761	33137781	osa-miR164d
3	10541083	10541103	osa-miR164e
5	23281352	23281372	osa-miR164f
1	19986199	19986219	osa-miR166a-3p
6	30326104	30326124	osa-miR166b-3p
3	3486874	3486894	osa-miR166c-3p
2	26124280	26124300	osa-miR166d-3p
1	14482279	14482299	osa-miR166f
12	18300917	18300937	osa-miR166g-3p
2	32429315	32429335	osa-miR166h-3p
3	25293148	25293168	osa-miR166i-3p
3	30385687	30385707	osa-miR166j-3p
2	32429144	32429164	osa-miR166k-3p
9	16950902	16950922	osa-miR166l-3p
8	23042789	23042809	osa-miR166m
12	25443216	25443236	osa-miR167a-5p
3	30539942	30539962	osa-miR167b
3	33123505	33123525	osa-miR167c-5p
7	4165375	4165395	osa-miR167d-5p
2	3742480	3742500	osa-miR167e-5p
1	14722100	14722120	osa-miR167f
3	3346688	3346708	osa-miR167g
12	25447023	25447043	osa-miR167h-5p
6	27673761	27673781	osa-miR167i-5p
1	32685138	32685158	osa-miR167j
2	1553210	1553230	osa-miR168a-5p
1	8728141	8728161	osa-miR169a
4	30527294	30527314	osa-miR169c
9	14619453	14619473	osa-miR169d
2	31200098	31200118	osa-miR169e
2	18552613	18552633	osa-miR169f.2
4	19248125	19248145	osa-miR169g
8	26804645	26804665	osa-miR169h
8	26800422	26800443	osa-miR169i-5p.2
9	19788390	19788410	osa-miR169j
9	19791662	19791682	osa-miR169k
8	26814784	26814804	osa-miR169l
8	26811193	26811213	osa-miR169m
11	6081150	6081170	osa-miR169n
3	35775298	35775318	osa-miR169r-5p
6	25890201	25890221	osa-miR171a
8	5368225	5368245	osa-miR171b
4	31528375	31528395	osa-miR171c-3p
1	21236372	21236392	osa-miR171d-3p
3	1969571	1969591	osa-miR171e-3p
3	30020909	30020929	osa-miR171f-3p
3	30020825	30020845	osa-miR171f-5p
7	15635761	15635781	osa-miR171g
4	28297361	28297381	osa-miR171h
3	21190200	21190220	osa-miR171i-3p
9	22881431	22881451	osa-miR172a
1	42922702	42922722	osa-miR172b
7	13110502	13110522	osa-miR172c
2	35137687	35137707	osa-miR172d-3p
1	672288	672309	osa-miR1859
8	8340248	8340271	osa-miR1862b
4	21472912	21472935	osa-miR1869
4	21471000	21471021	osa-miR2118a
4	21473373	21473394	osa-miR2118b
4	21476018	21476039	osa-miR2118c
4	21475777	21475798	osa-miR2118d
4	21475513	21475534	osa-miR2118e
4	21478603	21478624	osa-miR2118f
4	21478389	21478410	osa-miR2118g
4	21480729	21480750	osa-miR2118h
4	21480476	21480497	osa-miR2118i
4	21482685	21482706	osa-miR2118j
4	21485032	21485053	osa-miR2118k
4	21484793	21484814	osa-miR2118l
4	21486942	21486963	osa-miR2118m
4	21489582	21489603	osa-miR2118n
4	21489349	21489370	osa-miR2118o
11	7803216	7803237	osa-miR2118p
1	26822292	26822312	osa-miR319a-3p
1	6676580	6676599	osa-miR319b
3	34268062	34268082	osa-miR390-5p
1	2308233	2308253	osa-miR393a
4	34746850	34746871	osa-miR393b-5p
2	27142298	27142317	osa-miR394
4	31620397	31620417	osa-miR395a
4	31620237	31620257	osa-miR395b
4	31620096	31620116	osa-miR395c
4	31619958	31619978	osa-miR395d
4	31619815	31619835	osa-miR395e
4	31619674	31619694	osa-miR395f
4	31619536	31619556	osa-miR395g
8	3298228	3298248	osa-miR395h
8	3298390	3298410	osa-miR395i
8	3298563	3298583	osa-miR395j
8	3298723	3298743	osa-miR395k
8	3299073	3299093	osa-miR395l
4	32436982	32437002	osa-miR395m
4	32437178	32437198	osa-miR395n
4	32437319	32437339	osa-miR395o
4	32437462	32437482	osa-miR395p
4	32437605	32437625	osa-miR395q
4	32437748	32437768	osa-miR395r
4	32437888	32437908	osa-miR395s
4	32438017	32438037	osa-miR395x
8	3298898	3298918	osa-miR395y
2	34274525	34274545	osa-miR396a-5p
6	3668660	3668680	osa-miR396b-5p
2	34282012	34282032	osa-miR396c-3p
2	34282114	34282134	osa-miR396c-5p
4	34251726	34251746	osa-miR396e-5p
2	35630824	35630845	osa-miR396f-5p
6	28488797	28488817	osa-miR397a
2	3280866	3280886	osa-miR397b
1	9215260	9215280	osa-miR398a
7	14597634	14597654	osa-miR398b
1	30477710	30477730	osa-miR399a
2	7664036	7664056	osa-miR399b
5	26243311	26243331	osa-miR399c
6	1561045	1561065	osa-miR399d
1	30476578	30476598	osa-miR399e
6	20887644	20887664	osa-miR399f
2	7675372	7675392	osa-miR399g
5	26245367	26245387	osa-miR399h
2	7650769	7650789	osa-miR399i
4	28688053	28688073	osa-miR399j
5	26248691	26248711	osa-miR399k
1	12300665	12300685	osa-miR408-5p
2	16222014	16222033	osa-miR529a
4	15711075	15711095	osa-miR529b
4	8298820	8298840	osa-miR530-3p
4	8298939	8298958	osa-miR530-5p
1	40414495	40414516	osa-miR818a
2	4007275	4007296	osa-miR818b
2	35923010	35923031	osa-miR818c
4	34784070	34784091	osa-miR818d
7	28153442	28153463	osa-miR818e
2	23895299	23895319	osa-miR827
