ID	GSM534579	GSM534580	GSM534581	GSM534582	GSM534583	GSM534584	GSM534585	GSM534586	GSM534587	GSM534588	GSM534589	GSM534590	GSM534591	GSM534592	GSM534593	GSM534594	GSM534595	GSM534596	GSM534597	GSM534598	GSM534599	GSM534600	GSM534601	GSM534602	GSM534603	GSM534604	GSM534605	GSM534606	GSM534607	GSM534608	GSM534621	GSM534622	GSM534623	GSM534624	GSM534625	GSM534626	GSM534627	GSM534628	GSM534629	GSM534630	GSM534631	GSM534632
osa-miR437	-8.649406	-9.1129985	-7.33879625	-9.4794395	-9.03676275	-7.58240365	-8.5632085	-9.118385	-8.3557525	-8.994926	-9.9439035	-8.438448	-7.954366	-9.0975215	-8.172635	-8.167008	-9.786254	-8.766661	-9.6741395	-8.6969935	-8.467788	-7.8139823	-7.558616	-9.452861	-6.70643825	-5.5834385	-6.7712765	-8.261461	-9.3467905	-6.62860835	-9.943415	-9.956167	-8.03975465	-9.70842725	-9.8978235	-8.7039945	-9.4020525	-9.7611045	-7.995182	-9.3776905	-9.871397	-8.693896
osa-miR169	-7.57354583	-7.41312372667	-7.32652185333	-8.58693857333	-8.46181086	-7.63768703667	-8.50526058333	-8.72637605	-8.29926585667	-8.85322213333	-9.60147741667	-8.42339418	-8.07977975	-8.88679234333	-8.08607568333	-8.1203321	-9.74518795667	-8.51059523	-9.28576838333	-8.55783748	-8.37079381	-8.19334641667	-8.04707362	-9.15433558	-6.83565937	-5.6166148	-6.62095999667	-8.82763156	-9.19573583333	-7.16048957	-10.0290230667	-9.61059026667	-7.73041829333	-9.35991566667	-9.76377913333	-8.78741246667	-9.10294276	-9.49083836667	-8.21518403333	-9.27013001667	-9.48267619333	-8.86293025
osa-miR168	-5.97869205	-4.7651645	-3.7961586	-6.1778842	-4.46664715	-3.55769705	-5.93570015	-3.998597	-4.02100465	-5.6467622	-3.17981865	-2.73639635	-6.7545468	-5.6189673	-5.4337245	-5.6307845	-5.62459715	-5.5022507	-3.4127007	-4.1595975	-3.90364005	-2.3789034	-2.8613873	-2.24488875	-4.21906	-5.220995	-4.0228958	-3.09277915	-2.26073265	-3.221863	-0.69440268	-2.5804	-2.01848505	-2.69952295	-0.217126845	-2.9934411	-3.24596545	-3.0560756	-3.4668305	-1.7278557	-2.27131605	-1.788053
osa-miR530	-7.6149755	-8.1818055	-7.56611685	-8.2563765	-9.2212265	-7.75912	-8.3437235	-8.303386	-7.982204	-9.0687685	-8.9788585	-8.339943	-7.5838755	-8.15415275	-8.227505	-6.8324535	-9.168772	-8.8449745	-8.095793	-7.38501855	-8.56492	-6.29970085	-6.6011286	-9.557525	-5.83996765	-5.32943575	-5.5412673	-7.6913495	-8.3047905	-5.7464905	-10.11205725	-8.318442	-7.372105	-9.8695445	-9.976255	-8.94450675	-9.490241	-9.811859	-8.33892425	-8.823658	-8.75904275	-8.92124525
osa-miR535	-6.9512434	-7.7388187	-6.357611	-7.2661528	-9.101041	-7.66367215	-8.5661765	-9.188495	-8.019676	-8.869933	-9.531648	-7.0166209	-7.9196095	-7.6338133	-6.70577315	-7.24171635	-8.76474335	-7.7855057	-7.5451615	-6.874893	-8.4013715	-6.3456804	-6.0249834	-9.401312	-5.68627875	-4.686955	-5.7385232	-7.4787619	-7.4832338	-6.8984973	-9.0475005	-7.5150159	-6.07048895	-9.61892325	-9.820008	-8.8159335	-9.383454	-9.587841	-8.236835	-8.19205615	-9.169247	-8.59985375
osa-miR160	-4.54335029167	-4.17244038333	-3.15205775833	-4.73935791667	-5.14467375	-3.91402835833	-5.61241354167	-4.677723925	-3.96250085	-6.08619658333	-5.53223131667	-4.61366009167	-5.74440905	-5.70470163333	-5.163572475	-5.56423208333	-5.94555613333	-5.13540405	-5.05233349167	-4.428615	-4.56782139167	-5.033089475	-5.41964484167	-4.80675805	-5.90045806667	-5.682689	-6.26652254167	-6.00562820833	-5.4244637	-6.74122123333	-3.81526103333	-3.96097845833	-3.50775966667	-4.87576620833	-3.86865415833	-4.47218555833	-5.74940009167	-5.67451248333	-3.26004503333	-4.01089415	-5.2318967	-5.06153073333
osa-miR162	-7.5925484	-8.586099625	-7.433461725	-8.8330275	-8.980057875	-7.6034299	-7.5737018	-8.91410825	-8.121196	-8.760431125	-9.7744345	-8.53543775	-8.06126325	-8.80098775	-6.58006495	-8.24759725	-9.128084675	-8.7287625	-9.26751475	-9.2482315	-8.218815575	-8.9380851	-8.71260525	-9.339922	-6.80937195	-5.68839505	-6.861565675	-9.07784075	-9.15524125	-7.216233475	-9.3318554	-8.934913625	-8.13896925	-9.635897875	-9.463639625	-8.80982025	-8.71151075	-9.43035275	-8.130442325	-8.415865	-8.545765875	-8.64600775
osa-miR164	-8.11352526667	-8.00025671667	-7.06636250833	-9.31445208333	-9.05291233333	-7.6045763	-8.32318105	-9.00174816667	-8.47725608333	-8.49405028333	-8.71400008333	-8.09983156667	-8.05401719167	-8.651081125	-8.02207566667	-7.49703411667	-9.0081655	-8.052041625	-8.354307125	-7.42788445	-8.48398358333	-6.6750312	-6.86107773333	-9.38531175	-6.451614775	-5.605261475	-6.87073974167	-7.96313151667	-8.30154000833	-6.989419325	-10.031637125	-8.70148015	-7.69479953333	-9.51420604167	-9.40452678333	-8.60219360833	-9.28569516667	-9.48620566667	-8.26341083333	-8.47361991667	-9.41980941667	-8.692197225
osa-miR167	-8.572064015	-9.068511915	-7.51521063	-9.285230645	-8.9441152	-7.74164213	-8.529003655	-9.0229248	-8.5210048	-8.467417995	-9.8794726	-8.42459812	-8.147976425	-9.20335925	-7.861438875	-8.299055275	-9.924674675	-8.744480975	-9.715943825	-9.789332025	-8.3673309	-9.49150275	-9.670213725	-9.372099325	-6.67947987	-5.702926925	-6.665592835	-9.0854793	-9.473781275	-7.37931754	-10.079639225	-10.0559968	-8.22151941	-9.4766672	-9.58447866	-8.864539075	-9.382699325	-9.63673825	-8.28176764	-9.410674075	-10.025702775	-8.63798349
osa-miR166	-6.50956586667	-6.3655239625	-5.60283699583	-6.54342920833	-6.39092751667	-5.43189684583	-7.05384098333	-6.87910121667	-6.9066241625	-7.8476101125	-7.32832620833	-5.74271789583	-6.9268180375	-7.159638875	-6.27801510833	-6.8771719875	-7.69109413333	-6.49800475417	-6.38356819583	-6.7110980125	-6.71863578333	-5.78627932083	-5.73514120833	-5.53675523333	-5.72063974167	-5.4629249375	-6.0425889875	-6.4149434125	-6.89553015	-5.8416175	-5.62598858333	-6.7214108375	-6.16927635	-7.22548697083	-5.71154831667	-6.71362314167	-7.78062394167	-7.77464688333	-6.5972027375	-5.4423725125	-7.16409914583	-7.21146196667
osa-miR319	-8.321573325	-7.92258225	-7.591520825	-9.000489625	-8.96911975	-7.6302495	-8.3524993	-7.11926585	-7.70472825	-9.030509375	-8.328277	-7.92173475	-7.44815825	-8.189156675	-8.24175175	-8.4360285	-8.3846635	-8.18229695	-8.030156625	-7.624372	-8.5551055	-7.14591525	-7.1147733	-9.23564525	-6.947423325	-5.6660464	-7.034848375	-8.878998125	-8.72638675	-7.425499225	-7.21962735	-7.58556515	-8.2728	-8.23281675	-7.775973	-8.9814705	-9.44270475	-8.816190125	-8.077995825	-7.791319875	-7.550457025	-8.29908475
osa-miR393	-8.31183	-9.207457	-7.4901595	-9.586541	-9.12571225	-7.715101	-8.5908	-9.206225	-8.484946	-8.990859	-10.09554	-8.5710505	-6.37976365	-8.9852595	-8.136606	-8.3215395	-8.20548035	-8.701227	-9.794265	-8.4363605	-8.426541	-8.7272475	-8.204566	-8.7159349	-6.86553645	-5.7371905	-6.93057155	-9.1234405	-9.4494605	-6.944448	-10.05987825	-10.03545925	-8.17307325	-8.2077594	-9.1016985	-8.8475195	-9.407553	-9.7342	-8.2633005	-7.46578475	-9.955764	-8.820016
osa-miR396	-8.87670183333	-9.34681658333	-7.57902761667	-9.72247941667	-9.271816	-7.78752318333	-8.4025257	-9.33476183333	-8.58886941667	-8.88232283333	-10.2036571667	-8.66881	-8.226033	-9.34315991667	-8.25495016667	-8.42065433333	-10.0228896667	-8.818456	-9.58007591667	-9.87669475	-8.56239233333	-9.57143708333	-10.1876446667	-9.5600545	-6.99715968333	-5.8590026	-7.0245293	-9.24455716667	-9.57339683333	-7.46414363333	-10.0962609167	-10.1672996667	-8.29176775	-9.57412275	-9.92184016667	-8.97136416667	-9.47960383333	-9.80985425	-8.3752435	-9.61327616667	-10.1235731667	-8.43111355
osa-miR397	-8.18295525	-8.8693651	-7.615413275	-7.551843875	-9.3025375	-7.8085159	-8.72077025	-9.34859775	-8.6251405	-9.0734415	-10.247444	-8.63916875	-7.18970075	-9.367827	-8.333083	-8.46788125	-10.050023	-8.90379375	-9.858047625	-9.94040375	-8.63353775	-9.60591075	-10.2208435	-9.59825825	-7.05098685	-5.886392325	-6.928612975	-9.273812	-9.37848125	-7.51682275	-10.16738425	-10.1629945	-8.334995	-9.84038725	-9.446796625	-9.01183575	-9.501136	-8.59513915	-8.4239575	-9.1156811	-9.39053975	-8.97144575
osa-miR394	-7.13885615	-6.523616	-5.7810615	-6.93104795	-7.3638285	-6.6973813	-7.754815	-6.95618425	-6.583387	-6.53144985	-7.1465976	-5.9615065	-6.8335297	-6.831432	-6.3956815	-7.6989275	-7.1656338	-6.73851	-7.1369922	-7.635487	-8.2938155	-8.219662	-8.0158315	-7.4578625	-6.8578955	-4.7690595	-6.909772	-6.66442515	-6.48290885	-6.636157	-5.92648865	-7.49611905	-6.96142665	-7.329241	-6.75373585	-7.2098086	-7.6116338	-7.30363675	-7.06177135	-6.1045698	-6.72325995	-6.95045885
osa-miR395	-8.39924727609	-8.61149062826	-7.24262328913	-8.86939862826	-9.06709008696	-7.52966762826	-8.56224551739	-9.02927641304	-8.30169586304	-8.9098396413	-9.42088801739	-7.45418259565	-7.90598005	-8.83014458913	-7.82679664348	-8.15620431087	-9.42897345652	-7.91852323478	-8.69518231304	-8.09321515217	-8.24811631304	-7.54707029565	-7.03133928043	-9.09852501087	-5.95871306087	-5.26086848261	-6.25953980435	-8.09684298913	-8.68991817609	-6.5897355413	-9.63569105435	-8.90355894565	-8.00423781087	-9.20111117609	-9.57905273478	-8.63109718696	-9.31371643478	-9.3333965087	-8.03769665	-8.99456126087	-9.40678498913	-8.52235156304
osa-miR159	-8.74613625	-9.20719375	-7.48169285	-9.21651104167	-9.15667895833	-7.72587904167	-8.57294354167	-9.22345358333	-8.48277233333	-8.96765658333	-10.1037369583	-8.394819125	-8.13156273333	-9.21961808333	-7.64774766667	-8.32792095833	-9.93146533333	-8.19539658333	-9.78239	-9.52554113333	-8.46641479167	-9.429714	-8.87593580833	-9.41981516667	-6.82404169167	-5.57798923333	-6.76450578333	-9.14318758333	-9.4775575	-7.18852039167	-9.76101415	-9.9415985	-8.152125625	-9.45702979167	-9.886276	-8.76220645833	-9.38223841667	-9.66236925	-8.288500625	-9.46095204167	-9.51229025	-8.75839104167
osa-miR390	-6.4771154	-8.571071	-6.93109715	-7.1339235	-8.3333108	-7.28443315	-8.49747425	-9.0759985	-8.3606655	-8.9032775	-9.53312675	-7.67349525	-7.967234	-7.999399	-8.1300365	-7.6327105	-9.155526	-7.6529813	-7.6177385	-7.15758335	-8.411021	-6.7670733	-6.327216	-9.3779775	-5.9802482	-5.5784765	-6.7575783	-7.45619335	-8.1657568	-6.99726375	-9.942094	-8.3312835	-8.0504505	-9.6643635	-9.852522	-8.6948815	-9.345034	-8.7258138	-8.153202	-8.66207775	-9.107743	-7.0435192
osa-miR172	-8.6984167125	-8.3734778	-7.5271345875	-8.4547357875	-9.205559125	-7.744004225	-8.581350375	-9.178412875	-8.533809375	-8.862937875	-10.14317425	-8.613379875	-7.7844211875	-9.25594625	-8.2246354375	-8.0477164125	-9.62105225	-7.9151406	-9.721992875	-9.81025125	-7.205129075	-9.51223775	-10.0080255	-9.519484375	-6.9309915125	-5.6711936625	-6.57902385	-8.9760155625	-9.40963175	-7.2749324625	-10.099804875	-10.1043413125	-8.2343875625	-9.696061625	-9.3427502	-8.908806875	-9.450021125	-9.77060825	-8.3077635	-9.38680875	-9.3241831875	-8.472260325
osa-miR528	-6.6755058	-7.265961	-6.9690683	-7.24449315	-9.233262	-6.64538045	-6.2171087	-5.8466808	-4.3277118	-7.6110318	-6.27318955	-4.85277795	-6.5482154	-6.347112	-6.075333	-5.9127046	-7.11118535	-6.101184	-6.4944527	-5.98859	-7.8524725	-5.1070935	-4.69159985	-8.66880825	-4.04222485	-4.8232639	-5.88931615	-6.49052685	-6.448246	-6.222229	-8.086854	-6.7516041	-7.03631435	-5.55470775	-6.3556244	-4.73435065	-7.23982465	-7.710724	-7.2853069	-6.9531652	-7.6968998	-6.99217415
osa-miR156	-7.73219382273	-8.35187205	-7.33421183182	-8.20306373636	-8.90485231818	-7.37831580455	-8.53846785455	-9.18162461364	-8.05364682273	-8.82879958636	-9.17659495455	-7.45832558182	-7.75150965909	-8.22015261818	-7.41407992273	-7.64527156364	-9.10342342727	-7.77093209545	-7.88965553182	-6.91033881818	-8.24347060455	-6.18228815	-6.21351827727	-9.2252205	-5.81471542727	-5.03120911364	-6.90816216818	-7.28736418182	-7.83603021364	-6.40699905	-9.62415427273	-7.94246422273	-7.26144068182	-9.24057389091	-9.61016736364	-8.58185513182	-9.01939065	-9.33712310909	-7.94737411364	-8.71475768182	-9.64421498636	-8.56621107727
osa-miR171	-8.21152701667	-9.02219762222	-7.19613152778	-9.26166252778	-9.02655117222	-7.55614604444	-8.37645977778	-9.10985733333	-8.30976294444	-8.73154176111	-9.35927287778	-8.30050488889	-7.82270653333	-9.02615705556	-8.01662014444	-8.05601204444	-9.50194052778	-8.61692447778	-9.33509816667	-9.27248663889	-8.20511057778	-9.17616805	-9.3293767	-8.9826329	-6.576239	-5.70359601667	-6.89944944444	-8.90498952778	-9.05643752778	-7.20026445	-9.73314694444	-9.41739380556	-7.93182751667	-8.92660745	-9.69497091667	-8.68201312778	-9.05593799444	-8.79487630556	-8.06453844444	-8.92696973889	-9.22774605	-8.46632036111
osa-miR398	-6.716226325	-4.724088775	-4.8978438	-6.4462455	-5.156636	-5.980172075	-6.887173925	-5.42805815	-4.3499859	-6.70557675	-4.2304146	-5.8707176	-3.69892505	-4.914640725	-4.59706835	-4.763442575	-4.42414575	-6.1287833	-6.861148025	-5.648816	-6.94106525	-5.99250645	-6.993228075	-7.0622334	-4.958422325	-4.54918375	-5.134758075	-3.917754675	-4.66192055	-5.893628825	-7.0199537	-6.972271225	-6.492921725	-6.6742375	-7.17696	-6.55555685	-7.370334	-6.399575075	-6.279315575	-5.388963475	-6.410015675	-6.947737525
osa-miR399	-6.87815865455	-6.84202051818	-5.28686626818	-7.62269265909	-8.11440288182	-5.77601396818	-7.91513214091	-8.03941287727	-7.52005993636	-7.99117842273	-8.12247675	-6.79131328182	-7.31299475455	-7.1881638	-6.90163613182	-7.04619004091	-7.92446179091	-7.02794027273	-7.18858801818	-6.58129532273	-7.09340940455	-6.16876131818	-6.20688952727	-7.43710313182	-6.66517565909	-5.61860531818	-6.58254020909	-7.18760466364	-6.94000598636	-7.07681300455	-8.57929989091	-7.29568378182	-7.33017769091	-7.53351223636	-8.22898971818	-6.92131938636	-8.02619468636	-7.74327434545	-6.63987938182	-6.96048584091	-7.08591141818	-7.02349948182
osa-miR408	-3.2032485	-3.5007942	-2.5027692	-4.05247965	-3.8608689	-2.83347485	-2.05988075	-1.5070572	-1.4293847	-4.36441135	-3.19171375	-2.17390255	-3.30290415	-3.18317775	-2.58904745	-4.1417611	-4.0248852	-3.30584645	-3.3346815	-3.63497115	-2.86820315	-3.56702135	-3.69320635	-3.1484652	-2.5877791	-1.32431745	-3.13885735	-2.8243597	-3.2821944	-2.50376435	-3.121192	-2.83489135	-2.2378111	-2.43062305	-2.3693943	-2.76453645	-2.77342795	-2.6405406	-2.501502	-2.81395145	-2.9912605	-3.27718015
