ID	GSM534579	GSM534580	GSM534581	GSM534582	GSM534583	GSM534584	GSM534585	GSM534586	GSM534587	GSM534588	GSM534589	GSM534590	GSM534591	GSM534592	GSM534593	GSM534594	GSM534595	GSM534596	GSM534597	GSM534598	GSM534599	GSM534600	GSM534601	GSM534602	GSM534603	GSM534604	GSM534605	GSM534606	GSM534607	GSM534608	GSM534621	GSM534622	GSM534623	GSM534624	GSM534625	GSM534626	GSM534627	GSM534628	GSM534629	GSM534630	GSM534631	GSM534632
osa-miR535_Mature	-6.9512434	-7.7388187	-6.357611	-7.2661528	-9.101041	-7.66367215	-8.5661765	-9.188495	-8.019676	-8.869933	-9.531648	-7.0166209	-7.9196095	-7.6338133	-6.70577315	-7.24171635	-8.76474335	-7.7855057	-7.5451615	-6.874893	-8.4013715	-6.3456804	-6.0249834	-9.401312	-5.68627875	-4.686955	-5.7385232	-7.4787619	-7.4832338	-6.8984973	-9.0475005	-7.5150159	-6.07048895	-9.61892325	-9.820008	-8.8159335	-9.383454	-9.587841	-8.236835	-8.19205615	-9.169247	-8.59985375
osa-miR169d_Mature	-8.6888265	-6.9986593	-7.4735142	-9.14614175	-9.084997	-7.702186	-8.5314855	-9.1543705	-8.4774385	-8.9027215	-10.09429625	-8.555196	-8.0948705	-9.233916	-8.0629885	-8.299251	-9.5504895	-7.5926043	-9.7631665	-8.2152805	-8.2516265	-7.2243523	-6.964567	-9.3667455	-6.858333	-5.7139772	-6.89800535	-8.7393255	-9.01007325	-6.475652	-10.034968	-9.1833005	-6.70079	-9.67647575	-9.84707925	-8.8487605	-9.10495125	-9.007788	-8.2671575	-8.73342	-9.8651845	-8.809251
osa-miR166b_Mature	-5.962316	-5.28043065	-4.5320828	-5.478483	-5.1115488	-4.1530261	-6.73645285	-5.92059615	-5.7375777	-7.42010475	-5.9109919	-4.8143375	-6.0817685	-5.76382855	-5.33323035	-6.29172635	-6.2252782	-5.62645325	-5.4938242	-5.8473105	-4.38803785	-4.82306005	-4.92899875	-4.605032	-5.2711997	-5.5721625	-5.80407435	-5.82239625	-5.837208	-5.7012527	-4.40778945	-5.6728735	-5.09268025	-6.091451	-4.8052559	-5.28483	-6.3612615	-6.8976637	-4.340887	-4.4952526	-6.05145955	-6.28263235
osa-miR156k_Mature	-6.6582217	-7.0601958	-6.2992782	-6.6364193	-8.7734835	-6.3331175	-8.4873585	-8.94295875	-7.04170705	-8.433086	-8.5835825	-6.0641675	-7.03943925	-7.4640008	-5.101495	-6.78768765	-7.9219482	-6.67417175	-6.5510192	-6.3518105	-6.16682965	-5.6928243	-5.4858509	-6.7776065	-4.3803725	-2.8751753	-6.76333615	-6.61966065	-7.1199114	-5.023452	-6.830242	-6.03150375	-4.89936775	-7.63895815	-7.4014105	-6.66925475	-7.2737599	-7.41221645	-5.8642509	-7.56133605	-7.61786335	-6.38528985
osa-miR160a_Mature	-4.42843795	-3.8187928	-2.9361493	-4.9311435	-5.0750985	-3.7112832	-5.3707995	-4.2754278	-3.53607345	-6.1409823	-5.51701425	-4.4402873	-5.76215455	-5.9220113	-5.2695885	-5.64143065	-6.04239705	-5.1555213	-5.00915435	-4.3683797	-4.5616495	-5.11164825	-5.5344901	-4.73608995	-6.17461685	-5.6986133	-6.87308425	-5.9699475	-5.565663	-6.919454	-3.41773605	-3.6001463	-3.2799158	-4.9017259	-3.4595547	-4.504406	-5.897059	-5.8014615	-3.3451226	-3.9317628	-5.2184218	-5.2685244
osa-miR395w_Mature	-8.8541105	-7.7711278	-7.32780565	-8.996794	-9.2647775	-7.8080769	-8.1080469	-9.1419025	-8.605803	-8.09292575	-9.2672995	-7.47082885	-8.2283	-8.76680825	-7.52295435	-8.4252365	-9.742015	-7.07643215	-9.03511	-8.15058225	-8.2548725	-7.820601	-7.23559645	-9.490103	-6.0983422	-4.85008905	-6.7714342	-7.90442515	-7.89115725	-6.433383	-9.646549	-8.92009	-8.290909	-9.4120275	-9.9361655	-8.4429295	-9.434543	-8.453916	-8.394814	-9.2408055	-8.855967	-7.9286475
osa-miR395n_Mature	-8.9236955	-8.096451	-7.63394585	-8.96591	-9.320039	-7.816141	-8.697643	-9.384938	-8.6382915	-9.053671	-9.32728	-7.1479675	-8.256915	-9.1251965	-8.117516	-8.3609845	-8.5425465	-7.48100135	-8.31054025	-7.943797	-7.337185	-7.3760215	-7.089829	-8.7380375	-6.10605835	-5.909183	-5.3078732	-8.159198	-8.1468125	-6.91370605	-9.68523825	-8.8632695	-8.3487395	-9.772326	-9.9690685	-9.024915	-9.3214665	-8.68303395	-8.385207	-9.2239	-9.676725	-8.9968605
osa-miR171d_Mature	-8.718024	-9.248866	-7.5303458	-9.62478	-9.158758	-7.73240615	-8.0961405	-9.2166585	-8.521523	-8.9959715	-10.162431	-8.6047655	-8.1658495	-9.288589	-8.172777	-8.370413	-8.16357	-8.7734775	-9.81047275	-9.8090695	-8.4925	-9.5000685	-9.9753685	-9.478284	-6.3238197	-5.78275015	-6.9612169	-9.1695565	-9.5156725	-7.36142995	-10.0895255	-10.041977	-7.16723685	-9.3150025	-9.9295285	-8.904475	-9.4308515	-9.721329	-8.32295	-9.560797	-10.028979	-8.8688345
osa-miR160e_Mature	-3.952297	-3.55916	-2.42087335	-4.3139897	-4.51297325	-3.08995625	-5.0612182	-3.9647698	-3.02124975	-5.41988825	-4.5653359	-3.62011005	-4.623329	-4.798561	-4.042026	-4.6473527	-5.2958628	-4.3187515	-4.05708095	-3.3816471	-3.39468615	-3.89776925	-4.3075963	-3.5725727	-4.6260707	-5.32507125	-4.87902935	-4.4660478	-4.3915167	-4.94635055	-3.14112045	-3.0504499	-2.5906906	-3.30653755	-3.06868265	-3.38248345	-3.5218382	-3.2743521	-1.94934415	-2.9031601	-3.81010985	-3.3414855
osa-miR167f_Mature	-8.816127	-9.2957755	-7.56586455	-9.617047	-9.219308	-7.75957835	-8.616485	-9.2845955	-8.5566245	-8.9788495	-10.1888555	-7.6354205	-8.205936	-9.320462	-8.17210135	-8.41150525	-10.006931	-8.76013	-9.8183045	-9.84963625	-8.4940965	-9.5405145	-10.0705735	-9.458401	-5.59279075	-5.827258	-6.9998112	-9.2217055	-9.544501	-7.44167185	-10.110385	-10.1188085	-8.274164	-9.122586	-9.5488465	-8.944083	-9.4122925	-9.7406125	-8.35714	-9.5954375	-10.0816845	-8.2265168
osa-miR167b_Mature	-8.7098555	-9.157486	-7.4580762	-9.56507475	-7.157903	-7.681646	-8.42715	-9.175788	-8.460121	-8.8263155	-10.0378815	-8.537112	-8.08604375	-9.192836	-8.0221458	-8.295168	-9.8341505	-8.6476785	-9.7445595	-9.7073385	-8.321658	-9.42411025	-10.0550985	-9.30233675	-6.8303058	-5.39387155	-6.8911777	-9.1078325	-9.42566275	-7.2980923	-10.0101375	-10.0275545	-8.1525605	-8.981261	-9.751796	-8.8227785	-9.246687	-9.6240375	-8.25089725	-9.4825315	-9.925365	-8.790078
osa-miR166f_Mature	-5.90807475	-5.2709422	-4.5014076	-5.80933485	-5.25057335	-4.1417427	-6.59795715	-5.6060665	-6.1714139	-7.9227633	-6.1649239	-4.7594688	-5.84387775	-6.271909	-5.3092645	-5.61205025	-6.4655915	-5.37141205	-5.573382	-5.7784495	-5.94763165	-4.7420197	-4.9121132	-4.5705352	-6.18297235	-5.43476565	-5.26401415	-6.02181535	-5.92311405	-5.5905027	-4.33869435	-5.7118405	-5.0759105	-6.2745799	-4.6953265	-5.5093025	-6.43245125	-6.981833	-6.3736335	-4.41859025	-5.88346985	-6.49526
osa-miR167a_Mature	-8.825041	-9.30499	-7.5289308	-8.6267867	-9.227995	-7.7427444	-8.6408785	-9.281882	-8.561711	-9.024461	-10.149675	-8.6138275	-8.1668015	-9.2967145	-8.220312	-8.369156	-9.98220125	-8.8078935	-9.80167675	-9.8466285	-8.5088195	-9.541027	-9.4360525	-8.7554915	-6.0524677	-5.49079875	-6.981985	-8.3872155	-9.5474295	-7.440522	-10.107714	-10.114393	-8.2460925	-9.778396	-9.39040575	-8.614489	-9.4453565	-9.795401	-8.3449235	-9.57572	-10.059558	-8.897459
osa-miR395r_Mature	-8.80569475	-8.9225035	-7.56869245	-7.316493	-8.907869	-7.76451135	-8.663635	-9.064563	-7.1458447	-9.027449	-9.6838255	-7.8911115	-8.1983135	-8.7695445	-8.229344	-7.2397009	-9.497954	-8.8522265	-8.69265815	-7.98908315	-8.539523	-7.47969315	-6.95753885	-9.51336	-6.68297685	-5.14257595	-4.6958227	-8.2214712	-9.4279385	-6.3925378	-9.251672	-9.3190105	-8.287424	-9.782401	-9.9478635	-8.963187	-8.5632635	-9.786091	-8.370176	-8.38949825	-8.842751	-8.762511
osa-miR399j_Mature	-5.92383815	-4.78145075	-4.60746235	-7.169065	-7.3010328	-4.45828295	-8.523921	-9.2647145	-8.534909	-8.1272749	-10.024721	-8.0081974	-8.190853	-7.69718275	-8.1387475	-8.1076415	-8.7525695	-8.40888	-7.1255422	-6.40578845	-7.44654175	-6.27505485	-6.15363645	-8.1161305	-6.943414	-5.8032493	-6.97672765	-7.175477	-8.451784	-7.40945605	-10.0901305	-8.282112	-8.24761	-5.78167065	-7.10166835	-5.5592935	-9.071603	-8.8250515	-8.3439505	-8.14608	-7.78508305	-7.0310283
osa-miR171h_Mature	-8.4269405	-8.4054865	-7.5682497	-9.141323	-9.229501	-7.7696392	-8.6442245	-9.2990615	-8.579039	-7.57427035	-9.2250325	-8.651427	-7.2486498	-8.983381	-8.18747775	-8.2296855	-10.02467	-8.794538	-9.124632	-8.315306	-8.5017905	-9.011008	-8.2221062	-9.4893875	-6.7116015	-5.834074	-6.923725	-8.6452045	-9.5618695	-7.05486565	-8.993019	-8.527394	-7.3110758	-7.7869191	-9.7858195	-8.7586275	-8.31513215	-7.652157	-8.3639865	-9.591848	-8.213065	-8.0233628
osa-miR166m_Mature	-7.8570645	-7.1506813	-7.214969	-7.5466925	-8.8740795	-7.793741	-8.2827275	-7.3334785	-8.509053	-8.997753	-8.5883705	-7.24920275	-7.5262335	-7.932539	-7.4480796	-8.441665	-9.152768	-7.755994	-6.6286337	-7.8840225	-8.390535	-6.11878675	-6.13125425	-5.5828261	-7.02679975	-5.87336345	-6.40649825	-9.191503	-7.744625	-7.50490585	-5.6372317	-6.95448435	-6.59086535	-8.246897	-5.7136333	-7.09235785	-9.250475	-9.05998	-8.1480527	-6.238153	-8.19261915	-8.617864
osa-miR156l_Mature	-7.7971945	-9.13690875	-7.56038735	-7.9020225	-9.215033	-7.75651185	-8.6655835	-8.98918	-6.841286	-9.0390215	-9.165022	-7.833071	-7.226088	-7.8000465	-8.174253	-7.05670355	-9.20908375	-7.01904845	-7.659927	-6.86700285	-8.4833155	-6.24352925	-6.2998743	-9.4942495	-5.91158375	-4.6447778	-6.8127235	-7.565425	-8.0500335	-6.3703506	-10.1235225	-8.25813925	-8.2625	-8.8715833	-9.9477945	-8.93494325	-9.455556	-8.756163	-8.3359645	-8.0120485	-9.596071	-8.912739
osa-miR397b_Mature	-7.644135	-9.427135	-7.6363947	-5.37439825	-9.3606295	-7.8239455	-8.733493	-9.407075	-8.6518735	-9.098349	-10.271465	-8.622617	-8.2857925	-9.398786	-8.3595895	-8.494219	-10.0760185	-8.9234245	-9.8632095	-9.97642875	-8.659311	-9.644645	-10.249373	-9.6306815	-7.0753352	-5.923683	-6.85005	-9.312007	-9.6494755	-7.5582975	-10.18153	-10.2246835	-8.356204	-9.851028	-10.00129275	-9.0409515	-9.5156885	-7.4717293	-8.4406845	-9.695395	-10.2280215	-9.005878
osa-miR166h_Mature	-4.94105025	-5.8061167	-4.4280447	-5.30194615	-6.2090938	-4.930964	-5.24684	-6.3843255	-6.60440235	-7.233419	-6.9998595	-2.8723626	-6.5024488	-6.5350368	-4.67635565	-7.31744195	-7.06489675	-4.50615875	-5.34928965	-4.997441	-5.50725295	-4.87511525	-5.13478725	-4.70972425	-3.04947185	-4.6415793	-4.78231335	-2.87521885	-5.7101877	-3.1834307	-4.6152258	-5.3247065	-5.03820475	-5.76703905	-4.5393513	-5.7198965	-6.59629635	-6.720372	-5.37180355	-3.4599638	-6.23813475	-5.949185
osa-miR395s_Mature	-8.6928265	-6.25865485	-7.1384285	-8.866758	-9.1281415	-7.6738149	-8.6544865	-9.1992985	-8.46739875	-9.036473	-9.708435	-7.0749873	-8.085877	-9.2381735	-7.7066825	-7.901948	-9.493065	-8.1047945	-9.12686175	-7.8803082	-8.230117	-7.1996277	-6.7871065	-9.496337	-5.83845445	-4.763571	-5.152327	-7.9295945	-8.44409185	-6.12545865	-10.0327565	-8.8514285	-8.1655995	-9.7574665	-9.676353	-8.8291095	-8.9126985	-8.580522	-8.2400925	-9.2206765	-9.1093235	-8.80939225
osa-miR169l_Mature	-5.91772175	-6.22778395	-6.83649685	-7.996271	-8.077821	-7.70116225	-8.477546	-8.146297	-8.49470525	-8.8892505	-10.07811725	-8.561946	-8.130438	-9.2238075	-8.13391235	-7.89002085	-9.913598	-7.46626165	-9.036638	-8.55439	-7.05135265	-8.6944945	-7.9246913	-9.40054225	-6.68569385	-5.73784495	-6.902752	-8.9699535	-9.081191	-7.01537175	-10.055021	-9.290014	-5.3417304	-9.396822	-9.1401985	-8.7997375	-7.510193	-9.256724	-8.2981575	-9.5076315	-9.9941235	-8.836966
osa-miR395g_Mature	-8.38342	-9.256203	-7.5811555	-8.58437225	-7.8831145	-7.7804761	-8.6787725	-9.285835	-8.1507123	-9.03503525	-9.430319	-7.29005665	-8.2152295	-8.135559	-7.9550083	-7.8838785	-9.9853405	-7.7789915	-9.035952	-7.89842625	-8.53788625	-7.4188211	-6.9671099	-9.5207355	-6.1245075	-5.08604245	-6.1441525	-7.9180253	-9.4244515	-6.7170355	-10.131621	-9.0608415	-8.2992435	-8.74612735	-9.9519625	-7.103958	-9.46096	-9.4691915	-8.3765235	-8.5975005	-9.3498315	-8.4698515
osa-miR160c_Mature	-4.74941375	-3.9476424	-2.9697354	-4.3029416	-5.21267565	-3.89916425	-5.58851165	-4.4130132	-3.71393275	-6.2779243	-5.6928117	-4.55134735	-5.73009725	-5.70070935	-5.24316955	-5.6680715	-6.1826636	-5.1776855	-5.0480949	-4.4573672	-4.384398	-5.1028587	-5.48528515	-4.87186375	-6.5681795	-5.8224795	-6.615418	-6.07514485	-5.713762	-6.70235585	-3.4332457	-3.62197205	-3.3551736	-5.037577	-3.5182362	-4.52831535	-6.11965085	-6.03694965	-3.4505613	-4.2662046	-5.48668365	-5.196262
osa-miR395o_Mature	-8.7926945	-9.2982835	-7.55401385	-9.69700275	-9.210855	-7.795666	-8.56752725	-9.269832	-8.5718095	-8.9552085	-10.152285	-8.632703	-8.203424	-9.302278	-7.4057087	-7.62301565	-9.9827115	-8.6961265	-9.811271	-8.8016865	-8.4372055	-9.20685	-8.0393505	-8.9410275	-6.94892165	-5.81184245	-6.973779	-9.1957535	-7.70535985	-7.46028015	-10.132518	-10.1035845	-8.2551135	-9.621066	-9.88681	-8.945893	-9.381094	-9.7017255	-8.3559295	-9.5566025	-10.0497175	-8.906455
osa-miR166i_Mature	-7.97966925	-7.28612825	-7.5738235	-8.421567	-7.2847305	-7.1109823	-8.1907685	-9.1209135	-8.59831375	-6.5172685	-8.853754	-8.06606475	-7.4679338	-9.335327	-8.259489	-7.1975395	-10.014565	-8.8163415	-8.0389352	-8.407919	-8.56255475	-7.4413537	-6.9470167	-6.608121	-5.98188015	-5.872093	-7.0334656	-7.8395998	-9.557265	-7.4943225	-6.5359402	-8.16945015	-7.96778935	-8.58889375	-6.6058562	-8.9938875	-9.4787255	-9.4787255	-7.1622015	-6.29930675	-9.02873725	-8.7235595
osa-miR167e_Mature	-8.42151325	-9.1137755	-7.38849325	-9.5345875	-9.04985	-7.673964	-8.532223	-9.1301795	-8.376667	-5.3395607	-9.945546	-8.1329292	-8.00051	-9.1075065	-8.122118	-8.20288	-9.79680575	-8.66897025	-9.691807	-9.600355	-8.426647	-9.33088925	-9.4683225	-9.4405105	-6.726491	-5.61596845	-5.506535	-9.016784	-9.307353	-7.2586935	-9.9915295	-10.0200395	-8.06658535	-9.362824	-7.76932135	-8.74846	-9.36944575	-9.720318	-8.16891785	-9.341512	-9.907283	-7.37699585
osa-miR160d_Mature	-4.4536892	-4.1003785	-3.0271754	-4.71479435	-5.2251655	-3.94829415	-5.6112398	-4.47978835	-3.7100012	-6.189432	-5.4932352	-4.71266025	-5.860799	-5.8857841	-5.4166395	-6.0181439	-6.029031	-5.4035525	-5.08997225	-4.58357725	-4.8155325	-5.2582457	-5.53321485	-5.03093375	-5.56006435	-5.87650205	-7.05855035	-6.10089755	-5.2242768	-7.2975898	-3.38408275	-3.65244005	-3.3903098	-4.7831328	-3.4384203	-4.63493665	-5.9156795	-5.8955901	-3.52128785	-4.1399899	-5.371423	-5.26812435
osa-miR395h_Mature	-8.509222	-8.6350875	-7.2200187	-8.9338955	-8.986517	-7.63500215	-8.5372905	-8.8205345	-8.11059225	-8.9075725	-9.930593	-7.4628652	-7.6894075	-8.06475725	-7.764975	-8.179598	-9.3530565	-8.4499305	-7.7444553	-7.56596915	-8.4558845	-7.17934665	-6.6585369	-9.4348805	-5.62726675	-5.1280128	-6.1553865	-7.87213535	-9.2888715	-6.56801415	-8.9970885	-7.890275	-8.0518045	-9.428388	-9.8732845	-8.36612625	-9.2112865	-8.894271	-5.6638531	-9.375046	-9.4074465	-8.42979525
osa-miR160b_Mature	-4.2433935	-3.957773	-2.96342975	-4.9139812	-5.0393375	-3.9231155	-5.54347	-4.248724	-3.5592976	-6.048028	-5.4979741	-4.7161491	-5.5574055	-5.43271225	-5.3649448	-5.53177475	-6.0052557	-5.4231495	-4.8566125	-4.4093413	-4.67595325	-4.9358045	-5.3146588	-4.88779165	-5.9659103	-5.6889479	-5.3070958	-6.04665755	-5.4858482	-7.285232	-3.43524645	-3.66476495	-3.30334185	-5.00521335	-3.4562416	-4.3242777	-6.0894495	-6.06196355	-3.20186855	-4.0259438	-5.2502079	-5.22369125
osa-miR319b_Mature	-8.8319145	-6.8846505	-7.6083329	-8.599364	-8.7668325	-7.7882365	-8.7162895	-6.68367745	-7.7926785	-9.0710225	-7.878589	-7.9940365	-6.679474	-7.90710385	-8.246943	-8.4604115	-8.161654	-7.58807215	-8.025312	-7.27084125	-8.583928	-6.94599885	-7.11406165	-9.024353	-7.0292568	-5.8734613	-7.048582	-8.6845825	-8.1560735	-7.4828582	-7.220762	-7.5633793	-8.258629	-7.867417	-7.67329975	-8.9927755	-9.4876615	-8.72098925	-8.1189475	-7.885405	-7.1114698	-8.3441555
osa-miR156h_Mature	-8.0645377	-8.646682	-7.5596161	-7.78941345	-9.229834	-7.7615402	-8.63364475	-9.2210385	-8.1772405	-9.00559475	-9.6551775	-7.9993035	-8.19571425	-8.9074705	-7.9270115	-7.287211	-9.185367	-8.166232	-7.66800215	-7.14922045	-8.225612	-6.31941915	-6.1139623	-9.46975325	-5.7131018	-4.9659581	-7.01079375	-7.5408175	-7.75152775	-6.63061	-9.982561	-8.2408838	-6.14401915	-9.4053755	-9.932068	-8.944376	-8.958864	-9.7751665	-8.3518955	-8.8421855	-10.070813	-8.8413155
osa-miR169k_Mature	-7.5354943	-6.26920085	-7.16188635	-8.338338	-8.737041	-7.682201	-8.5924015	-8.4559345	-8.4686465	-8.9770355	-8.86944625	-8.544331	-8.087934	-9.0262705	-8.1651375	-8.2918735	-9.915677	-8.7867515	-8.9858095	-8.1434285	-8.473624	-8.405079	-8.2964462	-9.44135825	-6.8531905	-5.712384	-6.8981715	-8.6919075	-9.457801	-7.3310953	-9.708754	-9.919013	-8.177375	-9.736162	-9.9097475	-8.834942	-9.4038875	-9.727861	-8.2608145	-9.50465825	-9.968639	-8.81424975
osa-miR399k_Mature	-7.040417	-7.92004395	-4.84776965	-8.173157	-8.33669045	-4.55959555	-7.7123568	-9.030662	-8.140051	-8.849051	-8.0831555	-6.89779315	-6.92287715	-7.4020722	-7.28840985	-6.54893315	-8.56803125	-6.687701	-6.8038065	-7.13756395	-7.3935659	-6.39274875	-6.614292	-7.8515545	-6.89580065	-5.6053155	-6.89877335	-7.1331205	-7.7273618	-7.270268	-8.7297835	-6.8830932	-7.55795135	-9.683689	-9.11722475	-8.889202	-8.750017	-8.42727325	-6.89456895	-7.12173815	-7.983512	-8.45257215
osa-miR395c_Mature	-8.7535955	-9.244067	-7.4759264	-9.631375	-9.16901225	-7.6984027	-8.5725835	-9.251923	-8.470746	-9.0028965	-10.065253	-7.8648305	-8.1062445	-9.2096	-8.2402515	-8.3060695	-9.8877365	-8.7819975	-9.612887	-8.634846	-8.542193	-8.92734225	-7.4741528	-9.5114405	-6.83818055	-5.7293246	-6.886925	-9.114683	-9.4526075	-7.357918	-10.0440335	-9.845846	-7.521444	-8.9840175	-9.90698675	-8.83698	-9.418403	-9.764997	-8.260247	-9.49191625	-10.026043	-8.8320205
osa-miR395j_Mature	-8.125388	-8.304045	-6.62761085	-9.086804	-9.338135	-7.27951885	-8.73667	-8.8609125	-8.5369485	-9.09907	-8.177127	-7.23819165	-8.264988	-8.8431505	-8.250095	-8.03229905	-8.7584595	-6.59661055	-8.01948265	-7.9030592	-7.5171537	-7.30538965	-6.960765	-9.62821675	-5.11238385	-5.1549792	-5.864433	-8.55970425	-8.6421805	-6.3572287	-10.16192975	-8.9568773	-8.3372835	-9.235647	-9.2135175	-8.7673145	-9.5171825	-9.846116	-8.2041518	-9.678512	-9.8311455	-8.98835
osa-miR399i_Mature	-6.16579825	-5.8847518	-5.10062615	-6.7137444	-6.781926	-5.7663684	-7.930049	-7.08839985	-7.25998595	-8.53228905	-7.913449	-5.8774445	-7.103461	-6.93846655	-6.96004225	-6.71684685	-7.06351855	-6.59126585	-6.0539455	-4.98887565	-5.6617367	-5.29232585	-5.6040647	-5.79084515	-6.44181675	-4.74690985	-6.7517786	-6.82784235	-6.58558075	-7.19938155	-6.8646865	-6.629122	-7.1749761	-7.46549295	-7.27331875	-7.06676285	-6.8037583	-7.3914358	-4.72161615	-5.68506645	-6.482523	-6.6672182
osa-miR166l_Mature	-8.7438845	-9.2345435	-7.49071465	-9.096232	-9.151373	-7.7102133	-6.54012125	-8.8141585	-8.4722495	-8.96437375	-9.5012255	-8.574324	-7.7645843	-8.878739	-8.184228	-8.311766	-9.8979265	-8.731041	-8.687389	-9.4913295	-8.499831	-8.134851	-7.75728035	-8.327477	-6.83966585	-5.73616475	-6.89398275	-9.1208	-9.3249935	-7.3567715	-9.219384	-9.5116855	-8.18636715	-9.72982125	-8.6458165	-8.845293	-9.389275	-8.54810425	-7.48023935	-9.4902965	-10.019646	-8.8439665
osa-miR156i_Mature	-8.2854545	-8.36229775	-7.3539411	-8.916394	-9.0392945	-7.6194191	-8.5603295	-9.1256565	-8.3950005	-8.9554605	-10.009884	-7.84308715	-8.00964385	-7.941104	-7.76643115	-7.8540025	-8.861145	-8.69440475	-8.0216885	-6.7739105	-8.398626	-6.086088	-6.3714065	-9.4038	-5.5448935	-5.63235175	-6.8279	-7.1523943	-8.54229275	-5.5323367	-9.656328	-8.694174	-8.0947775	-9.3608595	-9.881224	-8.555375	-9.381319	-9.72666875	-8.178853	-8.518118	-9.8795195	-8.736887
osa-miR164f_Mature	-8.1003076	-8.170096	-5.43790675	-9.699021	-8.901411	-7.67226215	-8.6653535	-8.8881255	-8.5948445	-8.601688	-8.02666125	-8.666775	-8.2198235	-8.265446	-8.219842	-6.48404775	-8.571311	-8.571204	-8.764515	-7.4220235	-8.5312105	-6.91730955	-6.5960915	-9.513624	-7.007524	-5.5957028	-7.026933	-7.771136	-7.9636863	-7.48953915	-10.13488825	-8.9297965	-8.305203	-8.76632175	-9.428029	-8.8108585	-9.449008	-9.54912	-8.385862	-8.41807	-9.419779	-8.94361
osa-miR171f_Mature	-8.872525	-9.3503835	-7.59976005	-9.57809925	-9.268117	-7.790574	-8.703474	-9.3347895	-8.5929125	-9.051618	-10.249309	-8.685122	-8.244005	-9.3727375	-7.9518793	-8.444504	-10.054432	-8.8280035	-9.390683	-9.902257	-8.5705905	-9.58413375	-10.2041105	-9.5635415	-7.0154493	-5.8738213	-7.040555	-9.2683625	-9.589151	-7.4979715	-10.1418265	-10.0202635	-8.31639425	-9.835577	-9.9669205	-8.982975	-9.481177	-7.90332775	-8.3817445	-9.0086535	-10.1434825	-8.9575275
osa-miR395b_Mature	-8.045241	-8.252367	-7.5071453	-8.9065295	-9.18163175	-7.76120785	-8.72881	-8.699477	-8.5120785	-9.0725495	-9.45334675	-8.26137965	-5.8791585	-8.77643	-8.0026895	-8.016486	-9.1732415	-7.8948352	-8.9648075	-8.19272875	-7.511165	-7.0981455	-6.68629865	-9.5832665	-6.5898374	-5.2874	-6.7763996	-7.68119095	-8.67694	-7.0150659	-9.7285345	-8.664356	-7.6588417	-9.527065	-8.9639355	-8.907959	-9.4940655	-9.6368715	-8.3137085	-9.0812575	-8.514961	-8.363492
osa-miR167g_Mature	-8.747552	-7.38148615	-7.50156905	-9.6077865	-9.145946	-7.7112846	-8.4747305	-8.613466	-8.5046	-8.8588595	-10.086494	-8.577778	-8.1325475	-9.2360375	-8.063279	-8.342386	-9.92563	-8.6703015	-9.766577	-9.76744	-8.3660195	-9.471267	-8.73049775	-9.3523115	-6.891728	-5.74759725	-5.9036279	-9.149765	-9.471745	-7.35148715	-10.050395	-10.06288	-8.2023775	-9.249728	-9.797718	-8.87554075	-9.2630795	-8.645694	-8.305662	-9.52113025	-9.978522	-8.8348585
osa-miR167d_Mature	-8.1339007	-9.39778	-7.6104056	-9.1365	-9.3239285	-7.8120258	-8.2943758	-9.393438	-8.632074	-9.0646035	-9.2864635	-8.271883	-8.2537535	-9.3731885	-8.2047125	-8.452235	-9.873081	-8.893367	-9.8555425	-9.9427895	-7.703138	-9.6155385	-9.8501815	-9.592654	-7.0419295	-5.80331665	-7.0490596	-9.2854925	-9.613529	-7.52600885	-10.155104	-10.1980985	-8.337159	-9.8159705	-9.97816125	-9.009839	-9.492624	-9.826627	-8.4116105	-9.6622435	-10.1844805	-8.7025435
osa-miR395f_Mature	-8.0807355	-8.582671	-6.3657891	-9.093764	-9.0703355	-7.09968825	-8.445079	-9.15107275	-8.1181825	-8.8453305	-8.43650215	-6.2645767	-8.0916795	-8.7496325	-7.65183485	-8.286579	-9.1381665	-6.980206	-8.16119225	-7.7516475	-7.714272	-7.49894285	-7.088536	-8.296144	-6.1650193	-5.26235675	-6.9038403	-7.96693215	-9.3766245	-5.8522267	-8.193907	-7.881475	-5.95312035	-7.73715495	-7.8425612	-6.7998228	-9.14890075	-8.3058495	-7.0232068	-8.777083	-8.50503775	-6.31687045
osa-miR156b_Mature	-8.00106785	-8.6729865	-7.464262	-9.19082	-9.157542	-7.71674975	-8.671707	-9.229643	-8.4876835	-9.0276525	-8.654393	-7.7095072	-8.0955395	-8.04738925	-7.795962	-8.28651	-9.1098075	-8.117785	-8.15686765	-7.154129	-8.14295975	-6.267963	-6.2808955	-9.5414095	-5.917014	-5.7377305	-6.89686895	-7.5122138	-8.603999	-7.27763315	-10.051221	-8.41295425	-8.19069	-9.760267	-9.9570495	-8.62062375	-9.4569805	-9.788299	-7.379299	-8.7745017	-10.019058	-8.836162
osa-miR397a_Mature	-8.7217755	-8.3115952	-7.59443185	-9.7292895	-9.2444455	-7.7930863	-8.7080475	-9.2901205	-8.5984075	-9.048534	-10.223423	-8.6557205	-6.093609	-9.336868	-8.3065765	-8.4415435	-10.0240275	-8.884163	-9.85288575	-9.90437875	-8.6077645	-9.5671765	-10.192314	-9.565835	-7.0266385	-5.84910165	-7.00717595	-9.235617	-9.107487	-7.475348	-10.1532385	-10.1013055	-8.313786	-9.8297465	-8.8923005	-8.98272	-9.4865835	-9.718549	-8.4072305	-8.5359672	-8.553058	-8.9370135
osa-miR156g_Mature	-7.8490682	-8.381045	-7.4607029	-7.797963	-9.1369485	-7.67913435	-8.589394	-9.156616	-8.4225085	-9.0116545	-9.187201	-7.85017	-8.08237625	-8.56032525	-8.113632	-7.7983367	-9.482373	-8.69634725	-8.0718985	-6.8998065	-8.53988975	-6.1993668	-6.1825581	-9.50511825	-6.18258405	-5.1833329	-6.87726125	-7.1870961	-7.7104145	-6.34121875	-10.0256195	-8.08612385	-8.159257	-8.78370265	-9.907169	-8.8230205	-9.4196625	-9.765739	-8.2413975	-9.2072725	-9.939465	-8.810589
osa-miR172b_Mature	-8.6837605	-6.8357305	-7.531215	-6.46189565	-9.1589205	-7.7417495	-8.6823515	-9.213129	-8.523865	-9.03140375	-10.1693	-8.6039755	-8.167799	-9.2899045	-8.2283155	-8.067232	-9.235599	-8.827902	-9.4876265	-9.814265	-8.5438265	-9.4994405	-9.6742155	-9.519063	-6.945072	-5.7838338	-6.95510165	-9.166743	-9.519116	-6.8252649	-10.093547	-10.024611	-8.24588775	-9.8261785	-7.9654918	-8.905109	-9.4639355	-9.7237955	-8.3224875	-8.878805	-9.769449	-8.8691945
osa-miR159d_Mature	-8.83763	-9.311159	-7.53974245	-9.68201	-9.2300845	-7.75189615	-8.61445525	-9.3057995	-8.5575655	-9.012427	-10.1462295	-8.2847555	-8.17977	-9.2944365	-8.220453	-8.369588	-9.9736195	-8.775488	-9.816256	-9.832549	-8.5145345	-9.5361445	-10.095713	-9.33119	-6.93952795	-5.72211785	-6.9673697	-9.1939735	-9.537152	-6.99115945	-10.110386	-10.130706	-8.25021	-9.26625875	-9.938276	-8.9240135	-9.4373595	-9.78611	-8.3405635	-9.573573	-10.0665875	-8.908527
osa-miR169e_Mature	-6.9305495	-6.4091273	-7.36221835	-8.757486	-8.665921	-7.77287735	-8.7015465	-8.4594335	-8.2192655	-8.875177	-9.338136	-8.15930175	-8.220572	-8.782609	-7.6926462	-8.406608	-9.890602	-8.64584125	-8.7318395	-7.9067047	-8.587888	-7.5059178	-7.5588797	-9.5672555	-6.9854064	-5.83239915	-6.99035815	-9.21102825	-9.27807025	-7.45185625	-10.1469335	-9.772516	-7.3043955	-9.180861	-10.002711	-8.944135	-9.4953665	-9.594586	-8.374229	-8.9136255	-9.356828	-8.9143075
osa-miR159b_Mature	-8.733241	-9.1559115	-7.4782623	-9.5813315	-9.109024	-7.7356867	-8.5315955	-9.1749055	-8.4604005	-8.917819	-10.087031	-8.580707	-8.10709225	-9.237444	-6.85894665	-8.314497	-9.9192145	-8.715622	-9.7795855	-9.7003175	-8.373081	-9.1826115	-7.85501035	-9.3719385	-6.7021352	-5.0027635	-6.92724915	-9.1359465	-9.416496	-7.0490378	-10.0248	-10.03452	-8.165301	-8.758737	-9.781548	-8.170511	-9.300287	-9.6689875	-8.223586	-9.490704	-9.956839	-8.81122
osa-miR395d_Mature	-8.440514	-8.6556785	-7.45384235	-8.000885	-9.1266	-7.7345993	-8.59875475	-8.749864	-8.4448515	-9.005879	-7.4830705	-6.6195425	-8.0889735	-8.6534585	-8.120667	-8.2749205	-9.8940785	-8.2041403	-8.62536685	-8.624014	-8.4178895	-7.3114655	-6.65739085	-8.8262045	-5.37008	-4.14830185	-5.85977575	-7.46253315	-7.26210265	-6.55617285	-9.3020615	-8.7884975	-8.1517595	-8.39107625	-8.5850262	-8.700532	-9.3894075	-9.752472	-8.0778343	-9.0250345	-9.28874025	-7.522044
osa-miR169b_Mature	-7.1794004	-6.8627192	-7.582279	-8.901751	-8.00202655	-7.77817485	-8.7018735	-8.7763855	-7.8358622	-9.0504065	-9.6256605	-7.871316	-8.219061	-7.7192926	-8.273544	-8.22641435	-9.2356335	-8.8846325	-9.2890115	-8.706251	-8.589713	-8.45181	-7.97677115	-9.554871	-6.604131	-4.99750995	-5.5501677	-8.715957	-8.72308875	-7.39309695	-10.052332	-9.137689	-8.30129175	-7.58924975	-9.216696	-8.9725625	-9.255386	-9.686874	-8.390007	-9.4982265	-8.62930115	-8.8786975
osa-miR156a_Mature	-7.3676565	-8.597217	-7.44441655	-8.45241	-9.030124	-7.66878675	-8.618684	-9.0637515	-8.444377	-8.954987	-9.075154	-7.83080875	-8.063999	-8.28809325	-7.636634	-7.61186565	-9.6870625	-7.314646	-8.280347	-7.0162787	-8.452473	-6.0594063	-6.174225	-9.3856545	-6.25926315	-5.0669977	-6.84957365	-7.13103625	-8.47372125	-5.9794452	-9.739106	-7.415607	-8.144455	-9.7575725	-9.9186935	-8.784364	-9.41454525	-9.633654	-8.23196425	-9.030581	-9.671396	-8.754477
osa-miR169j_Mature	-6.0390205	-6.19568865	-6.9777845	-7.36979375	-7.71107195	-7.74722975	-8.197754	-7.904096	-7.44170035	-8.9589215	-9.666318	-8.5881975	-7.54590425	-9.2408245	-8.0892825	-7.514066	-8.96960135	-8.688433	-8.20749	-8.249816	-8.388748	-7.8150495	-8.2610685	-9.392021	-6.8644366	-5.7447415	-4.7907225	-9.0441955	-8.76078775	-6.05865425	-10.07051775	-10.066881	-8.192929	-9.311512	-9.8124785	-8.8622895	-9.366761	-9.7298915	-8.26782	-9.11931	-9.327234	-8.8536765
osa-miR164d_Mature	-8.8363325	-9.3518835	-7.5853313	-9.7164785	-9.275536	-7.7826647	-7.601535	-8.57643	-8.5977815	-9.057464	-9.6714725	-7.64616985	-8.2216605	-9.348722	-8.283507	-8.430439	-10.0325655	-8.8873155	-8.82310335	-8.7069895	-8.591051	-7.97534	-8.394561	-9.5595725	-7.0135505	-5.85837225	-7.0269425	-8.9669925	-8.4966785	-7.48875985	-10.135422	-9.6913025	-5.5505902	-9.797759	-9.969945	-8.35554535	-9.4787245	-9.806714	-8.387136	-8.695281	-9.3059275	-8.950432
osa-miR156f_Mature	-8.90376975	-8.48933575	-7.6013832	-8.8953875	-9.3142915	-6.85401585	-8.6947625	-9.385279	-8.6265875	-9.057564	-9.3382035	-7.16851815	-7.71874575	-8.349819	-5.0739434	-8.442022	-9.8769385	-7.864629	-7.81182835	-6.76411465	-8.6041385	-6.31935835	-6.50551105	-9.5661835	-5.7687645	-5.29565025	-6.954612	-7.51558675	-7.9262553	-6.8509913	-10.149801	-8.1224325	-8.3277775	-9.8112885	-9.9739185	-9.0008325	-9.486248	-9.822459	-8.4045385	-9.654292	-10.168607	-8.855699
osa-miR171c_Mature	-8.0417433	-9.1485185	-5.809776	-9.0946935	-9.07290975	-7.668557	-8.593382	-9.17687	-8.4350705	-8.993863	-9.9857675	-8.495255	-8.036922	-9.1488875	-8.24691	-8.247253	-9.8290755	-8.766563	-9.750667	-9.659883	-6.6319427	-9.3754245	-10.003961	-8.9694545	-6.64191065	-5.6605805	-6.8313967	-9.0467405	-9.0076195	-7.276952	-10.0072365	-9.97151075	-8.089752	-9.70645	-9.921897	-8.768527	-9.423031	-9.692039	-8.219934	-9.4105195	-9.464823	-8.72953625
osa-miR169m_Mature	-6.6054925	-6.5351323	-7.5346475	-8.237197	-8.08434815	-7.72782995	-8.647383	-6.740851	-8.5342105	-9.0205045	-9.0695925	-8.607194	-7.78030035	-9.31806	-8.1522435	-7.6647835	-10.0100355	-8.745445	-9.805171	-8.5548555	-8.457228	-8.4167665	-8.2853345	-9.463972	-6.93230295	-5.7868805	-6.99256515	-8.8177835	-9.229873	-7.4156557	-10.0995445	-10.011254	-7.4655825	-9.646109	-9.932813	-8.904343	-9.4367855	-9.758045	-8.3113185	-9.59659025	-10.02819175	-8.8784975
osa-miR395p_Mature	-8.3345305	-9.205579	-7.54385815	-8.9322025	-9.21491	-7.75088095	-8.6109665	-9.2977235	-8.32562025	-8.9980655	-9.944153	-6.98583935	-5.7599136	-9.195521	-7.9141034	-8.3711075	-8.68256625	-7.5262015	-8.3519235	-7.66998735	-8.4897845	-6.8586433	-6.9655507	-9.401725	-5.9517193	-5.8089476	-6.633958	-7.65638485	-8.8192675	-6.023494	-9.243627	-6.839615	-8.2569575	-8.585993	-9.12867825	-8.9223015	-9.1485475	-9.772072	-8.0119075	-9.255392	-10.06295375	-8.90969
osa-miR159c_Mature	-8.7669595	-9.238565	-7.42101665	-9.649524	-9.16290725	-7.73006225	-8.445877	-9.2314725	-8.502487	-8.880771	-10.080593	-8.5915505	-8.158302	-9.2290995	-8.10574295	-8.34153775	-9.921357	-8.637255	-9.769408	-9.762583	-8.4078855	-9.48307125	-8.832167	-9.3889695	-6.85436875	-5.7578011	-6.92270985	-9.15169075	-9.473998	-7.35938695	-10.084414	-9.397217	-8.193328	-9.6212615	-9.832626	-8.882655	-9.3073025	-9.288331	-8.3212855	-9.50150725	-10.012549	-8.309957
osa-miR171a_Mature	-5.9303857	-8.07503085	-6.210412	-7.7728385	-9.1451815	-7.044888	-8.127386	-8.0046725	-7.8720165	-8.3519275	-7.82152365	-6.5616515	-6.136245	-7.692193	-7.254673	-6.13378725	-8.34357125	-7.5857893	-7.437807	-8.32986375	-7.956403	-8.573131	-8.1719365	-8.41026585	-5.6491933	-5.21945335	-6.8881498	-9.152338	-6.612787	-7.3609366	-8.3721635	-7.7124535	-7.6656625	-8.0234387	-8.8290625	-7.5944009	-8.2062593	-7.6603435	-6.1985515	-6.24593045	-7.2132898	-7.494832
osa-miR399c_Mature	-8.39612725	-8.8449945	-7.393914	-8.7828945	-8.969765	-7.64766285	-8.4833035	-9.1245625	-8.36423775	-8.8922785	-9.9080415	-8.3208735	-7.979334	-8.6737395	-8.1630515	-8.0221205	-9.1780355	-8.3909925	-7.94965125	-7.2890378	-8.407994	-6.5285572	-6.67018585	-9.0439135	-6.2361695	-5.604881	-6.7770734	-7.7067773	-8.19935825	-6.94693825	-9.9508275	-8.4398945	-8.0593445	-8.30133275	-9.6948275	-8.534264	-9.336745	-9.0174665	-8.18654825	-8.4129285	-8.0481665	-8.6812695
osa-miR171g_Mature	-8.25510715	-9.34515	-7.5843985	-9.379212	-9.264006	-6.8521047	-8.6179885	-9.3136365	-7.3272095	-9.007791	-8.81237075	-8.180226	-8.228706	-9.039038	-8.202888	-8.4269185	-9.4406745	-8.698868	-9.19679525	-8.191525	-8.486335	-8.1866307	-7.3052001	-9.339366	-6.253132	-5.850888	-6.68984365	-7.42398925	-9.3835815	-6.3568032	-9.8359055	-9.4881335	-8.289152	-7.7957925	-9.2981615	-8.55174	-8.611162	-7.436764	-8.271923	-7.9946422	-8.01093915	-8.178729
osa-miR169f_Mature	-8.191221	-8.96628825	-7.42591735	-8.301325	-9.0662845	-7.70439165	-8.478714	-9.1498185	-8.402833	-8.602926	-8.95778	-8.5307415	-7.9572377	-8.723551	-8.1003565	-8.228785	-9.8144125	-8.658903	-9.732076	-9.027544	-8.4066615	-7.828433	-8.44670375	-9.399444	-6.75002505	-5.6606846	-6.5869913	-8.736602	-8.8818405	-7.27714385	-9.560175	-9.1732475	-7.31593525	-9.331668	-9.264267	-8.7729385	-9.3413505	-8.1821505	-7.661648	-9.36668925	-7.3805285	-8.776652
osa-miR396b_Mature	-8.9926725	-9.476409	-7.68662425	-9.858221	-9.403359	-7.8616262	-8.7645215	-9.466804	-8.68635525	-8.5843755	-10.334872	-8.766732	-8.346815	-9.45434975	-8.3667125	-8.5439765	-10.1280895	-8.8983305	-9.131559	-10.0148265	-8.681884	-9.68408125	-10.28549	-9.667592	-7.1142535	-5.9771188	-7.1238408	-9.3726445	-9.68731175	-7.612094	-10.22090725	-10.2843135	-8.40211875	-9.29629	-10.0192775	-9.081545	-9.538595	-9.851304	-8.474387	-9.7466215	-10.2845685	-9.057401
osa-miR171b_Mature	-8.806208	-9.26387675	-7.53620835	-9.636834	-9.178128	-7.75046255	-8.5447325	-9.244348	-8.5536875	-8.931594	-10.155551	-8.612458	-8.161997	-9.302343	-8.0641265	-8.369713	-9.9955705	-8.6740625	-9.818656	-9.8201135	-8.356108	-9.5089715	-10.1271885	-6.74090575	-6.93176125	-5.7821175	-6.9883969	-9.189308	-9.51897925	-7.41669265	-10.10345575	-8.8610805	-8.240198	-9.37023425	-9.855459	-8.92094025	-9.352332	-9.711382	-8.3300855	-9.5774585	-10.012904	-8.887713
osa-miR395q_Mature	-8.1093475	-8.6437395	-7.37241535	-9.0237205	-9.020181	-7.5421486	-8.491235	-9.08913	-8.0209505	-8.89676075	-9.818066	-7.05544565	-7.985912	-8.5484185	-8.07358075	-8.19708625	-9.1059125	-8.271711	-9.245146	-8.1776895	-8.3701105	-7.54658935	-6.81122035	-8.90065125	-6.2723135	-5.045166	-6.785306	-7.6059785	-8.4970065	-6.1519413	-9.855858	-9.1233955	-7.4438147	-9.19967	-9.8321475	-8.7498935	-9.3226515	-9.67735425	-8.123557	-8.9001375	-9.485039	-8.7143325
osa-miR395l_Mature	-8.06227035	-8.3107675	-7.42357615	-8.6539532	-8.5976465	-7.67669575	-8.640056	-8.3791235	-8.465713	-9.0304705	-10.0128065	-8.0625695	-8.0365325	-8.248567	-7.84098065	-8.291216	-9.14461425	-7.77973215	-8.326657	-7.89776425	-8.1758785	-6.97948	-6.82985785	-8.811198	-5.1742232	-5.7182007	-6.5362618	-8.1697785	-8.3267225	-6.51926625	-9.7051355	-8.1328725	-8.153384	-9.056059	-9.1145705	-8.5689575	-9.4470075	-9.192288	-8.239961	-8.3315595	-9.6323845	-8.79553125
osa-miR399a_Mature	-8.23662	-7.447222	-7.00421375	-8.702631	-9.2009495	-7.60407615	-8.6081245	-9.2810695	-8.00358625	-8.37699565	-9.41128	-8.5518535	-7.6536662	-8.2938395	-8.218196	-7.603654	-9.336031	-8.11931	-8.2078005	-7.2626347	-8.01195975	-6.58803205	-6.6498528	-9.422651	-6.9211425	-5.7884163	-6.42319585	-8.108535	-7.225276	-7.4093985	-9.528487	-7.86945675	-5.5350325	-7.9723345	-9.528252	-7.6454091	-8.1446545	-8.3312035	-6.7048232	-7.86225835	-8.0016403	-7.854618
osa-miR159f_Mature	-8.640721	-9.2105505	-7.467119	-7.2874365	-9.1078315	-7.7263875	-8.579907	-9.182859	-8.485052	-8.9563675	-10.06897925	-8.547728	-8.1041715	-9.21098	-7.11067665	-8.2874615	-9.886692	-8.7516165	-9.768402	-9.7397465	-8.46813525	-9.44421325	-8.556727	-9.437127	-6.6592629	-5.71823405	-6.868047	-9.087478	-9.4500105	-7.35170615	-10.0506145	-9.974325	-8.194124	-9.697687	-9.894125	-8.84607175	-9.3968755	-9.672704	-8.26684675	-9.1326935	-9.9656805	-8.8201065
osa-miR159e_Mature	-8.6739755	-8.976814	-7.38465905	-9.500658	-9.05396	-7.62584265	-8.543496	-9.136196	-8.2949145	-8.957152	-9.9878115	-7.68635175	-8.00486115	-9.1423465	-8.1172545	-8.198918	-9.83005	-6.6255023	-9.716463	-9.65879	-8.4271865	-9.3860095	-9.9984885	-9.407242	-6.76321235	-5.4015173	-5.85800265	-9.0278965	-9.386376	-6.8794365	-9.979394	-9.969106	-8.09822625	-9.698902	-9.8876405	-8.7571745	-9.379234	-9.747234	-8.1861255	-9.413522	-9.88509	-8.74891525
osa-miR394_Mature	-7.13885615	-6.523616	-5.7810615	-6.93104795	-7.3638285	-6.6973813	-7.754815	-6.95618425	-6.583387	-6.53144985	-7.1465976	-5.9615065	-6.8335297	-6.831432	-6.3956815	-7.6989275	-7.1656338	-6.73851	-7.1369922	-7.635487	-8.2938155	-8.219662	-8.0158315	-7.4578625	-6.8578955	-4.7690595	-6.909772	-6.66442515	-6.48290885	-6.636157	-5.92648865	-7.49611905	-6.96142665	-7.329241	-6.75373585	-7.2098086	-7.6116338	-7.30363675	-7.06177135	-6.1045698	-6.72325995	-6.95045885
osa-miR169o_Mature	-8.629733	-9.083282	-7.4021858	-9.4982795	-6.28406075	-7.6346342	-8.3529915	-9.10448	-8.388751	-8.7790965	-9.959588	-8.13657625	-8.02348725	-8.43208075	-7.96723665	-8.2264865	-9.8106335	-8.584029	-9.4643625	-9.0656795	-8.274482	-8.3733495	-8.931921	-9.249783	-6.7411475	-5.49240835	-6.7795025	-8.31240815	-9.35049	-6.89064885	-9.96160425	-9.9659415	-8.0870025	-9.000144	-9.7147435	-8.74909	-9.20315575	-9.5868385	-8.191053	-9.3999795	-9.848881	-8.7270595
osa-miR171e_Mature	-8.5761205	-8.9936135	-7.3185172	-9.4580825	-8.9608115	-7.603955	-8.39349	-9.0428455	-8.297635	-8.8082745	-9.231495	-8.228564	-7.925234	-9.0219315	-8.003765	-8.1489695	-9.5981615	-8.6635565	-9.616472	-9.520916	-8.3187295	-9.252317	-9.9114985	-9.3129135	-6.64075705	-5.4471159	-6.7163889	-8.9723285	-8.7131035	-7.1479605	-9.89309225	-9.9534465	-7.9882755	-8.675987	-9.6983555	-8.668094	-9.2045635	-9.5788975	-8.10183	-9.2892795	-9.8267865	-8.0875082
osa-miR156c_Mature	-7.15598725	-8.3823695	-7.5264502	-8.900098	-9.158683	-7.19856215	-8.11511	-9.2391315	-8.5326235	-8.22173685	-8.7882305	-7.7278903	-8.1499525	-8.87903975	-8.293141	-7.728587	-9.53623825	-7.9322835	-8.1899115	-6.9687885	-8.5676065	-6.3136615	-6.3519785	-9.5348355	-6.2488285	-4.8040125	-6.9297157	-7.19509465	-7.65857335	-7.384477	-10.085043	-8.121382	-4.39581345	-9.794769	-9.9393305	-8.887963	-7.7088185	-8.963037	-8.3301335	-8.81992	-9.814422	-8.7113925
osa-miR399b_Mature	-7.52675055	-8.29795565	-7.1897953	-8.584846	-9.107337	-7.75074455	-8.61414225	-9.16746	-8.4846275	-8.96271725	-8.636029	-8.11479925	-8.104432	-8.30011	-8.149147	-8.27371425	-9.140929	-8.27978235	-8.6775165	-7.18520215	-8.46313	-6.5952453	-6.48728415	-9.06202	-6.8801515	-5.57952085	-6.28994415	-7.677307	-7.52652585	-6.561207	-9.9134385	-7.8164797	-8.189128	-8.9606775	-9.74504325	-7.8925886	-8.9019365	-9.0708565	-8.128623	-8.568633	-7.643259	-8.050842
osa-miR395u_Mature	-7.6326635	-8.5835815	-6.3930422	-8.3666405	-9.047467	-6.979142	-8.215871	-9.1188495	-7.38601185	-8.8898685	-9.493629	-6.55217835	-8.01794625	-8.87015325	-8.070018	-8.2210655	-9.413113	-6.97150675	-8.551272	-7.7399018	-8.36283275	-6.6896555	-6.5129186	-9.2684775	-5.17415285	-5.63451285	-6.6433043	-7.453773	-8.3455464	-5.34430675	-9.47297	-9.4693935	-8.100939	-9.633783	-9.830819	-8.772164	-9.3153525	-9.6898365	-8.201601	-8.76068025	-9.470034	-8.746614
osa-miR395m_Mature	-8.511517	-9.008892	-7.5613738	-9.5474545	-9.22275875	-6.025105	-8.708053	-8.594916	-8.497748	-9.0636655	-9.765066	-7.009664	-8.08684285	-9.319836	-7.84806725	-8.4114105	-9.5026545	-8.1474212	-8.20222525	-8.534759	-8.6000945	-7.56807885	-7.04886285	-9.5700565	-5.7317791	-4.9634098	-5.593802	-7.7427645	-8.804836	-6.60362915	-9.864569	-9.7926665	-8.264937	-9.823564	-9.9798525	-8.7059345	-9.48648925	-9.3392445	-8.3569305	-9.61621325	-9.67027375	-8.8965445
osa-miR395k_Mature	-8.639041	-8.5065113	-6.974026	-9.679169	-9.1952755	-7.81112615	-8.5280715	-8.8720605	-8.51754325	-8.120478	-9.576908	-7.5579796	-8.05274155	-8.8366	-7.7957285	-8.2609515	-9.7988115	-7.92571485	-8.626675	-7.9487453	-8.39924825	-7.21220885	-6.6889645	-9.408322	-5.35405725	-4.9901381	-6.748368	-8.4621265	-9.1020695	-7.03611165	-9.7376555	-8.7280742	-8.2018395	-8.36733265	-9.7879075	-8.896201	-9.3064835	-9.5517525	-8.278052	-9.2052425	-9.1007875	-8.8746025
osa-miR167i_Mature	-8.8379755	-9.3303405	-7.57583635	-9.696845	-9.249098	-7.7762034	-8.65642225	-9.3088225	-8.583062	-8.7812155	-10.2112585	-8.6603225	-8.209062	-9.33834625	-8.231642	-8.4122775	-10.024	-8.841692	-9.8315945	-9.894401	-8.5467115	-9.56771	-10.1777385	-9.5216745	-6.9891884	-5.84359915	-7.01334885	-9.2397715	-9.56894	-7.4730155	-10.12262925	-10.138053	-8.2967825	-9.787746	-9.943107	-8.967775	-9.448422	-9.792551	-8.373509	-9.6193025	-10.1227575	-8.940279
osa-miR169g_Mature	-8.791361	-9.15571675	-7.59253475	-8.27699185	-9.2584695	-7.7868227	-8.656965	-9.2887175	-8.6034335	-9.0215415	-10.016877	-8.6634265	-8.2254365	-9.3489225	-8.2383565	-8.4438725	-9.8532225	-8.413634	-9.4360955	-8.565822	-8.5400205	-8.8648045	-7.0950693	-9.232471	-7.02048205	-5.8489395	-6.9678042	-8.50205075	-9.5943945	-7.4906533	-10.145869	-10.128085	-8.3095255	-9.7745125	-9.94551925	-8.9952215	-9.44602675	-9.7609295	-8.4053305	-9.512627	-10.1371455	-8.9444455
osa-miR169c_Mature	-7.820518	-6.5575572	-7.1534978	-8.679874	-8.5672805	-6.21781685	-8.523713	-8.4913605	-7.3498493	-8.8949075	-9.2150345	-8.549954	-8.0795487	-7.7911353	-8.1380663	-8.2919285	-9.523564	-8.718836	-9.0356885	-8.454923	-8.44950625	-8.072701	-7.8900942	-9.4008725	-6.8300898	-5.71483445	-6.86266445	-8.816927	-9.441039	-7.1057429	-10.0558835	-8.710965	-8.1973265	-9.671057	-9.87461375	-8.8463685	-9.1000515	-8.977792	-8.2953805	-8.7375585	-7.6065775	-8.821929
osa-miR162a_Mature	-6.9682288	-8.67244575	-7.35837185	-9.4937	-9.04051525	-7.625064	-8.61247125	-9.1252725	-8.0273255	-8.995797	-9.9615525	-8.4795375	-7.9805205	-9.0213115	-5.0482554	-8.1704525	-9.484534	-8.7935845	-9.238094	-9.2823605	-8.02435515	-8.5979692	-8.4770355	-9.4700615	-6.7541275	-5.61971785	-6.7936115	-9.016861	-9.133019	-7.05678565	-8.7317433	-8.605446	-8.0800785	-9.67404475	-9.062357	-8.742323	-8.072149	-9.5271235	-7.95500165	-8.1453015	-8.8037675	-8.4274895
osa-miR408_Mature	-3.2032485	-3.5007942	-2.5027692	-4.05247965	-3.8608689	-2.83347485	-2.05988075	-1.5070572	-1.4293847	-4.36441135	-3.19171375	-2.17390255	-3.30290415	-3.18317775	-2.58904745	-4.1417611	-4.0248852	-3.30584645	-3.3346815	-3.63497115	-2.86820315	-3.56702135	-3.69320635	-3.1484652	-2.5877791	-1.32431745	-3.13885735	-2.8243597	-3.2821944	-2.50376435	-3.121192	-2.83489135	-2.2378111	-2.43062305	-2.3693943	-2.76453645	-2.77342795	-2.6405406	-2.501502	-2.81395145	-2.9912605	-3.27718015
osa-miR166k_Mature	-8.63384	-7.9659517	-7.4915611	-9.17821	-8.307853	-7.70653765	-8.5317235	-9.159491	-8.0650558	-8.900312	-9.3929335	-8.5521305	-8.123863	-9.23364475	-8.12624525	-8.3237045	-9.93133	-8.31034435	-8.41355675	-8.8086605	-8.422671	-8.466324	-7.57989695	-7.76093665	-6.87207475	-5.7204652	-6.8972405	-8.624581	-8.62834215	-7.35632945	-9.521086	-9.976976	-8.192831	-9.6864745	-9.2987475	-8.86520675	-9.341085	-9.637462	-8.301584	-7.8693155	-9.409308	-8.821631
osa-miR164e_Mature	-7.110725	-7.2970308	-7.14548205	-7.8795945	-9.011559	-7.17768325	-8.5254825	-9.1486115	-8.394368	-8.9219495	-8.049986	-7.2581078	-7.79784415	-7.6362165	-8.052591	-7.1561768	-7.6470285	-6.2051185	-7.6691989	-6.601639	-8.4625475	-5.8933218	-5.85285835	-9.4616925	-5.50222815	-5.3430423	-6.71404695	-7.1239524	-7.4521675	-5.81159265	-9.95456775	-7.67839965	-8.0540805	-9.6907235	-7.8259017	-8.719541	-8.655318	-9.1277005	-8.1828715	-8.114844	-9.247293	-8.67154
osa-miR169a_Mature	-8.953929	-9.4132545	-7.6446404	-9.811155	-9.3476325	-7.86349825	-8.71541275	-9.3943095	-8.646891	-8.351958	-10.1485575	-8.1413502	-8.302421	-9.073437	-8.29749975	-8.4855005	-9.789543	-8.8223275	-9.426905	-8.4210065	-8.6004515	-7.53155115	-7.7965787	-9.608443	-7.05845185	-5.9333188	-7.0895783	-8.9867825	-8.744121	-7.56062365	-10.208577	-9.4602735	-8.347035	-9.142749	-9.9925215	-9.038736	-9.5055455	-9.831724	-7.5180145	-9.65351	-10.199799	-9.0178185
osa-miR172c_Mature	-8.880134	-9.3154375	-7.570963	-9.699417	-9.236172	-7.7758655	-8.593174	-9.3075885	-8.5801035	-8.9929115	-10.1823585	-8.646367	-8.217022	-9.2255285	-8.11836675	-7.44435915	-10.0228015	-8.6579485	-9.8491495	-9.83002	-7.704461	-9.5421995	-10.162893	-9.434805	-6.96481465	-5.83292365	-7.03155985	-9.2265675	-9.5556665	-7.45915565	-10.149711	-10.1669065	-8.2620045	-9.433883	-9.9060145	-8.949022	-9.4053375	-9.747349	-8.3567495	-9.60907	-7.742378	-8.926742
osa-miR162b_Mature	-8.216868	-8.4997535	-7.5085516	-8.172355	-8.9196005	-7.5817958	-6.53493235	-8.702944	-8.2150665	-8.52506525	-9.5873165	-8.591338	-8.142006	-8.580664	-8.1118745	-8.324742	-8.77163535	-8.6639405	-9.2969355	-9.2141025	-8.413276	-9.278201	-8.948175	-9.2097825	-6.8646164	-5.75707225	-6.92951985	-9.1388205	-9.1774635	-7.3756813	-9.9319675	-9.26438125	-8.19786	-9.597751	-9.86492225	-8.8773175	-9.3508725	-9.333582	-8.305883	-8.6864285	-8.28776425	-8.864526
osa-miR164b_Mature	-8.337029	-8.8447385	-7.31936835	-9.3997445	-8.89504775	-7.581595	-8.4929235	-8.931469	-8.3088305	-8.8960675	-8.68480875	-8.379265	-7.8949585	-8.721523	-7.16731	-7.30397615	-8.9254435	-8.7115125	-8.4065835	-7.2451995	-8.402247	-6.68491615	-6.67823935	-9.399184	-6.4210167	-5.50980965	-6.68959545	-7.7033052	-8.3520575	-7.1157955	-9.8823155	-8.280882	-7.961952	-9.615173	-9.8294995	-8.619756	-9.342383	-9.572982	-8.094288	-8.2337465	-9.6156195	-8.02061635
osa-miR398b_Mature	-5.55961335	-5.0600385	-4.0258243	-5.38094085	-5.1197083	-4.2355605	-5.37746585	-4.30819415	-4.056307	-5.570774	-4.32861415	-3.5488622	-4.5856686	-4.8545867	-4.44898115	-4.48523835	-4.677491	-3.7531886	-5.60876655	-5.23310965	-5.3775935	-5.296913	-5.34164815	-4.9759243	-5.9581299	-5.5173298	-5.82251065	-4.5659428	-4.6510518	-4.60692685	-5.2920589	-4.91683245	-4.78029895	-4.4624665	-4.8500045	-4.8174677	-5.340058	-5.149851	-4.9525878	-4.1350488	-4.5949621	-5.0289023
osa-miR530_Mature	-7.6149755	-8.1818055	-7.56611685	-8.2563765	-9.2212265	-7.75912	-8.3437235	-8.303386	-7.982204	-9.0687685	-8.9788585	-8.339943	-7.5838755	-8.15415275	-8.227505	-6.8324535	-9.168772	-8.8449745	-8.095793	-7.38501855	-8.56492	-6.29970085	-6.6011286	-9.557525	-5.83996765	-5.32943575	-5.5412673	-7.6913495	-8.3047905	-5.7464905	-10.11205725	-8.318442	-7.372105	-9.8695445	-9.976255	-8.94450675	-9.490241	-9.811859	-8.33892425	-8.823658	-8.75904275	-8.92124525
osa-miR393b_Mature	-8.31183	-9.207457	-7.4901595	-9.586541	-9.12571225	-7.715101	-8.5908	-9.206225	-8.484946	-8.990859	-10.09554	-8.5710505	-6.37976365	-8.9852595	-8.136606	-8.3215395	-8.20548035	-8.701227	-9.794265	-8.4363605	-8.426541	-8.7272475	-8.204566	-8.7159349	-6.86553645	-5.7371905	-6.93057155	-9.1234405	-9.4494605	-6.944448	-10.05987825	-10.03545925	-8.17307325	-8.2077594	-9.1016985	-8.8475195	-9.407553	-9.7342	-8.2633005	-7.46578475	-9.955764	-8.820016
osa-miR159a_Mature	-8.8242905	-9.3501625	-7.59935765	-9.59810625	-9.2762665	-7.785399	-8.7223305	-9.309489	-8.5962145	-9.081403	-10.2517775	-8.677822	-8.2351795	-9.203402	-7.47341225	-8.4555235	-10.057859	-7.6668957	-9.8442255	-8.4592608	-8.607666	-9.546234	-7.917509	-9.582424	-7.025743	-5.8655016	-7.04365635	-9.26214025	-9.6013125	-7.5003955	-8.3164764	-10.143717	-8.0115645	-9.6993325	-9.9834405	-8.992813	-9.472372	-9.810849	-8.3925965	-9.6537125	-7.1869955	-8.9516205
osa-miR390_Mature	-6.4771154	-8.571071	-6.93109715	-7.1339235	-8.3333108	-7.28443315	-8.49747425	-9.0759985	-8.3606655	-8.9032775	-9.53312675	-7.67349525	-7.967234	-7.999399	-8.1300365	-7.6327105	-9.155526	-7.6529813	-7.6177385	-7.15758335	-8.411021	-6.7670733	-6.327216	-9.3779775	-5.9802482	-5.5784765	-6.7575783	-7.45619335	-8.1657568	-6.99726375	-9.942094	-8.3312835	-8.0504505	-9.6643635	-9.852522	-8.6948815	-9.345034	-8.7258138	-8.153202	-8.66207775	-9.107743	-7.0435192
osa-miR395a_Mature	-7.65314225	-8.720456	-6.4993465	-8.4813955	-9.07444175	-7.403956	-8.5693355	-9.088386	-8.0349625	-8.9436485	-8.564894	-6.75508725	-8.08570215	-8.5208335	-7.486232	-7.8987173	-9.1604005	-7.0280281	-7.80311585	-7.0585342	-7.8919115	-6.639148	-6.5628951	-8.271996	-4.81243685	-4.4030199	-5.66527605	-7.74343015	-7.59108355	-6.0782155	-8.8351295	-8.11456625	-8.162127	-8.6697655	-9.343006	-8.667021	-9.380851	-9.2488165	-7.25205765	-8.5759395	-8.053783	-8.0795395
osa-miR399f_Mature	-6.04658275	-7.0592378	-4.74965145	-7.58893265	-8.167004	-5.594541	-7.397229	-6.8047878	-6.35832115	-6.51243685	-6.44483475	-5.2272377	-7.09753475	-5.807332	-5.30453775	-6.0979912	-6.768169	-5.49641015	-6.5110623	-6.71144725	-6.50455085	-6.21080875	-6.0420555	-6.5106363	-6.0091113	-5.7993025	-6.95705065	-6.4192067	-5.65824	-7.24065025	-7.7100825	-6.72955225	-6.782022	-7.213789	-7.8104663	-6.63261125	-7.3098842	-6.25676885	-5.1487117	-6.1260627	-6.4699495	-6.145214
osa-miR395e_Mature	-8.2174865	-8.0324315	-7.19415855	-8.75191	-9.0477815	-7.5943575	-8.5129695	-8.980618	-8.435617	-8.908219	-9.5354775	-7.3864273	-7.94960125	-8.892963	-8.05196	-8.25999475	-9.209077	-7.937325	-7.8064369	-7.7698052	-8.388426	-7.07063935	-6.77640295	-8.686546	-6.1446735	-5.55567265	-4.991333	-7.66884225	-9.0023065	-6.4364639	-9.600608	-8.8553305	-8.1216575	-9.618298	-9.8382865	-8.778189	-9.3428405	-8.758147	-8.211358	-8.4106925	-9.244837	-8.0963525
osa-miR398a_Mature	-7.8728393	-4.38813905	-5.7698633	-7.51155015	-5.1935637	-7.72478365	-8.396882	-6.54792215	-4.6436648	-7.8403795	-4.13221505	-8.192573	-2.8121815	-4.97469475	-4.74515555	-5.0416468	-4.1708005	-8.504378	-8.1135295	-6.06452235	-8.504537	-6.6880999	-8.644808	-9.1485425	-3.95871475	-3.5810377	-4.4470055	-3.26956655	-4.6727893	-7.1803308	-8.7478485	-9.02771	-8.2055445	-8.8860085	-9.5039155	-8.293646	-9.40061	-7.64929915	-7.60604335	-6.64287815	-8.22506925	-8.86657275
osa-miR164c_Mature	-7.445308	-8.2776035	-7.3421819	-9.493815	-8.9819195	-7.6489912	-8.434876	-9.1494175	-8.397584	-8.839585	-8.810039	-8.000478	-7.978126	-8.80517075	-8.1424525	-7.192954	-8.851079	-8.54452	-7.9201805	-6.7640829	-8.347191	-5.7727477	-6.0852122	-8.810573	-5.7882843	-5.4816675	-6.7503747	-7.178946	-8.08259725	-7.0194733	-9.95525425	-8.03262825	-8.026281	-9.359198	-9.3942155	-8.69471	-9.299087	-9.048587	-8.1785425	-8.738724	-9.4873925	-8.644756
osa-miR156e_Mature	-7.9921433	-8.23704935	-7.57830235	-8.1628785	-7.26558	-7.77642875	-8.570982	-9.29834	-7.0224725	-8.9954755	-9.7334845	-7.32363375	-6.47250515	-8.012218	-8.16890575	-8.3792945	-8.429851	-6.74360585	-8.3105705	-7.01948565	-8.477952	-6.3319755	-6.35565585	-9.473002	-6.395239	-5.2565703	-7.02068805	-7.271496	-8.1479242	-6.86633225	-10.0586635	-8.2916825	-7.00223615	-9.766343	-9.928131	-8.1913582	-9.4310845	-9.678874	-8.377329	-8.8623165	-10.090805	-8.93705
osa-miR166d_Mature	-5.84289815	-5.4092362	-4.8151715	-5.70692965	-5.28638745	-4.1068611	-6.6180383	-5.9252352	-5.8917965	-7.3148917	-5.87380645	-4.80552	-6.8391525	-6.11992525	-5.50400755	-6.04220415	-6.40609835	-5.76264665	-5.5913947	-5.87706705	-6.2430327	-4.806653	-4.92254075	-4.676437	-6.06062775	-5.7752502	-4.5711502	-5.8642533	-5.906527	-5.0817965	-4.33137445	-5.74592945	-5.2025993	-5.8919352	-4.70938885	-5.328412	-6.5932933	-6.5363372	-6.1779232	-4.4761058	-5.82648225	-6.2952245
osa-miR166g_Mature	-4.8355005	-5.27434975	-4.5590744	-5.128588	-5.77413725	-4.82879445	-6.4175455	-5.92682635	-6.5994922	-7.28863	-7.03251935	-3.09026455	-7.1937493	-6.232646	-4.71120355	-6.40407325	-7.08853	-4.482152	-5.34222	-4.8955	-5.52983535	-4.835012	-4.9776726	-4.7815062	-3.15595485	-5.7694762	-5.4358238	-2.8885136	-5.58045315	-3.3770531	-4.7233125	-5.32993865	-5.0535067	-5.87932265	-4.49155	-5.59252915	-6.80293825	-7.07125815	-5.1959205	-3.5470808	-6.065794	-6.10304835
osa-miR396c_Mature	-8.741322	-9.190502	-7.4404365	-9.5486595	-9.1040595	-7.66265585	-8.6141765	-9.182684	-8.455288	-8.9939065	-10.070447	-8.533514	-8.0741835	-9.219358	-8.1295735	-8.2706295	-9.906354	-8.7301315	-9.75962275	-9.71493475	-8.440497	-9.4394845	-10.0654835	-9.446973	-6.84217145	-5.7057215	-6.8944051	-9.096724	-9.4492615	-7.25825165	-9.886284	-10.0116645	-8.1538215	-9.73963125	-9.9220025	-8.8165815	-9.4200225	-9.761892	-8.2342145	-9.483408	-9.9321755	-7.864697
osa-miR167c_Mature	-8.4325375	-9.195364	-7.48513835	-9.573532	-9.1017855	-7.698835	-8.510028	-8.497428	-8.4754795	-8.7833835	-10.0964035	-8.5674255	-8.110908	-8.64588675	-5.2763571	-7.8418815	-9.9258795	-8.6811685	-9.040299	-9.7520895	-8.393738	-9.455797	-10.0807425	-9.376586	-6.84893175	-5.72656935	-6.90501715	-9.1264155	-9.453665	-7.1897637	-10.042534	-10.0265255	-8.1895295	-9.7016745	-9.8497485	-8.851538	-9.336476	-9.6995825	-8.2777845	-8.3146505	-9.966002	-8.83251
osa-miR168a_Mature	-5.97869205	-4.7651645	-3.7961586	-6.1778842	-4.46664715	-3.55769705	-5.93570015	-3.998597	-4.02100465	-5.6467622	-3.17981865	-2.73639635	-6.7545468	-5.6189673	-5.4337245	-5.6307845	-5.62459715	-5.5022507	-3.4127007	-4.1595975	-3.90364005	-2.3789034	-2.8613873	-2.24488875	-4.21906	-5.220995	-4.0228958	-3.09277915	-2.26073265	-3.221863	-0.69440268	-2.5804	-2.01848505	-2.69952295	-0.217126845	-2.9934411	-3.24596545	-3.0560756	-3.4668305	-1.7278557	-2.27131605	-1.788053
osa-miR399h_Mature	-6.83114	-6.9642728	-4.3015385	-7.44334935	-8.2750215	-5.20366045	-6.849836	-6.33992215	-6.3646617	-7.22117445	-6.67310595	-5.300895	-6.86263275	-6.1163055	-5.1125486	-6.56463975	-7.24189365	-5.7228177	-6.864294	-6.27212665	-6.092572	-6.0995276	-5.9575627	-6.37555275	-6.8777097	-5.8333297	-6.97815175	-7.18070485	-5.7779231	-6.9742533	-8.0249863	-6.58135655	-6.8813093	-7.50067875	-7.799908	-6.82402585	-6.89620115	-6.8182815	-5.291661	-5.9973205	-6.4602932	-6.2915847
osa-miR167h_Mature	-8.8431335	-9.2867595	-7.53453	-8.6118395	-8.817219	-7.78603005	-8.5832685	-8.329511	-8.551492	-8.5603165	-8.729555	-8.6343445	-8.1735255	-9.2962225	-8.185078	-8.3572375	-9.96942975	-8.7605865	-9.829504	-9.793509	-8.477626	-9.507003	-9.8604025	-9.4852445	-6.9347193	-5.8099432	-6.47592165	-9.1853555	-9.365367	-7.4325807	-10.115045	-9.770325	-8.241655	-9.4121685	-9.9245125	-8.918353	-9.4357435	-9.78448	-8.0167428	-9.545653	-10.04187225	-8.90644075
osa-miR395t_Mature	-8.7218695	-9.158244	-7.0110697	-9.59434275	-9.112946	-7.7563095	-8.449425	-9.1705675	-8.4811865	-8.84742925	-9.8266655	-8.5813935	-8.1054925	-9.222512	-7.3975443	-8.313005	-9.907259	-8.6824585	-9.7643575	-8.48934625	-8.3107305	-8.188853	-7.226358	-7.249124	-6.8448577	-5.714103	-6.917716	-9.1348915	-9.412889	-7.3395585	-10.03092	-9.6795595	-7.4773239	-8.59078135	-9.723905	-8.85417325	-9.232679	-9.2691115	-8.247244	-9.47942	-9.955685	-8.81737225
osa-miR396a_Mature	-8.896111	-9.37353875	-7.6100221	-9.76055775	-9.3080295	-7.8382875	-7.8288791	-9.3547975	-8.624965	-9.0686865	-10.2056525	-8.706184	-8.2571005	-9.355772	-8.2685645	-8.447357	-10.0342255	-8.826906	-9.849046	-9.900323	-8.564796	-9.5907455	-10.2119605	-9.5655985	-7.0350541	-5.8941675	-7.055342	-9.264303	-9.58361725	-7.52208525	-10.1815915	-10.205921	-8.319363	-9.686447	-9.8242405	-9.015966	-9.480194	-9.81636675	-8.417129	-9.609799	-10.1539755	-8.37124265
osa-miR171i_Mature	-8.276689	-9.368853	-7.60751615	-9.6691	-7.9615478	-7.7927278	-7.66732	-9.355834	-8.608773	-8.868566	-8.5899755	-8.685075	-8.2567505	-9.386313	-8.06508475	-8.13286465	-10.0677395	-8.767462	-9.8696985	-9.903446	-8.531596	-9.5938275	-10.0430205	-9.5395775	-7.01852625	-5.88156345	-7.05537215	-9.277078	-9.605174	-7.328768	-10.162098	-10.180285	-8.31870075	-9.830066	-9.96953425	-8.9883385	-9.4789335	-9.797647	-8.389841	-9.663599	-10.1354455	-8.96884
osa-miR169i_Mature	-6.82542655	-6.46376615	-7.24476875	-8.454408	-8.2333045	-7.72620675	-8.5088945	-9.22196375	-8.483941	-8.9456585	-9.620728	-8.5779175	-8.123278	-8.928051	-8.1288585	-8.30461	-9.8981145	-8.675569	-9.245308	-8.4739305	-8.431593	-8.470657	-8.596442	-9.300671	-6.8440465	-5.74090325	-6.31868785	-9.1153005	-9.4425525	-7.35643635	-10.070871	-10.080181	-8.181272	-9.6008105	-9.872938	-8.855107	-9.364806	-9.727169	-8.282876	-8.6800475	-9.746856	-8.8488975
osa-miR164a_Mature	-8.8514495	-6.060188	-7.5679047	-9.698059	-9.25200075	-7.7642615	-8.2189158	-9.3164355	-8.570128	-6.6475477	-9.041033	-8.64819375	-8.2116905	-9.1294085	-8.2667515	-8.414611	-10.0215655	-7.39257925	-8.5422615	-7.8273723	-8.5696545	-6.806552	-7.559504	-9.5672245	-6.977085	-5.84297435	-7.01654585	-9.034457	-9.462053	-7.0113555	-10.127375	-9.595872	-8.2706905	-9.856061	-9.97957	-8.4127508	-9.4896505	-9.8121305	-8.351765	-8.641054	-9.442845	-8.922229
osa-miR399e_Mature	-7.23762175	-6.920689	-4.6258322	-7.2547843	-8.150866	-4.809085	-7.55127475	-7.43225645	-6.3339665	-6.69682285	-6.81329845	-5.0576167	-6.7356985	-6.3620436	-5.8988745	-6.032557	-6.86860395	-5.755655	-6.91107275	-6.6960985	-6.90091345	-6.0127588	-6.1512201	-6.45770535	-6.4348313	-5.6255745	-6.8032062	-6.7455485	-5.62062385	-6.60947435	-7.5838605	-6.82718125	-7.1288615	-7.16631915	-7.8609945	-5.06045115	-7.5050004	-6.97099305	-5.86304885	-5.5801313	-6.25981545	-6.1514452
osa-miR395v_Mature	-8.6095115	-9.2527775	-7.53231725	-7.114475	-9.149356	-7.73410985	-8.7069955	-9.21170875	-8.5328175	-9.03779725	-9.625099	-8.5832685	-8.1725015	-9.2786155	-8.28682325	-8.3708845	-9.9684345	-8.864248	-9.450251	-9.8187405	-8.58315625	-9.385494	-8.8062675	-9.53834525	-6.9510925	-5.7731137	-6.94034135	-9.1642245	-9.5329385	-7.3895507	-10.1037695	-10.006723	-8.245463	-9.840522	-9.992609	-8.898717	-9.482195	-9.6693655	-8.338707	-8.62516	-10.0444535	-8.8595205
osa-miR167j_Mature	-7.9530042	-9.221362	-7.50326215	-8.8823075	-9.148119	-7.7741097	-8.554475	-9.2141375	-8.508217	-8.45661475	-10.0625935	-8.6149385	-8.1406765	-9.226392	-8.116643	-8.305826	-9.908638	-8.713022	-9.7795735	-9.739133	-8.434855	-9.461171	-8.9725275	-9.435783	-6.8862465	-5.7703469	-6.9294443	-9.1344555	-9.4396205	-7.38133985	-10.090919	-10.0832905	-8.20828825	-9.5543175	-9.89116975	-8.8925345	-9.3768665	-9.738079	-8.310489	-9.44856	-9.989503	-8.8721535
osa-miR437_Mature	-8.649406	-9.1129985	-7.33879625	-9.4794395	-9.03676275	-7.58240365	-8.5632085	-9.118385	-8.3557525	-8.994926	-9.9439035	-8.438448	-7.954366	-9.0975215	-8.172635	-8.167008	-9.786254	-8.766661	-9.6741395	-8.6969935	-8.467788	-7.8139823	-7.558616	-9.452861	-6.70643825	-5.5834385	-6.7712765	-8.261461	-9.3467905	-6.62860835	-9.943415	-9.956167	-8.03975465	-9.70842725	-9.8978235	-8.7039945	-9.4020525	-9.7611045	-7.995182	-9.3776905	-9.871397	-8.693896
osa-miR169h_Mature	-7.4279127	-6.779419	-7.4539447	-8.321458	-8.6104855	-7.78647775	-7.7932075	-9.3512945	-8.6029535	-8.496735	-9.364136	-8.2691485	-8.235772	-9.17946	-7.566155	-8.434473	-10.0380325	-8.1390765	-9.3048975	-8.6132695	-8.48680875	-8.3476755	-8.179027	-5.3812587	-6.99344475	-5.2712185	-6.724756	-9.25611225	-9.5877225	-7.1735787	-10.154036	-9.185721	-7.805651	-9.5041165	-9.9305965	-8.307253	-7.51933715	-9.7773565	-8.3731595	-9.644697	-10.1069055	-8.9485225
osa-miR169n_Mature	-8.06658075	-9.2792605	-7.0515115	-8.71360875	-9.1964185	-7.73379625	-8.6990205	-9.2563285	-8.53850675	-9.031492	-9.9978935	-8.594316	-8.170435	-9.2804675	-8.2848515	-7.0963083	-9.96466	-8.83658425	-9.82206675	-9.414661	-8.5722035	-8.897555	-8.50251	-9.555325	-6.51370875	-5.0611773	-6.961673	-8.4981395	-9.3529925	-7.41113375	-10.1102595	-10.073772	-8.2284325	-9.836486	-9.99976375	-8.0797025	-9.4905375	-9.756846	-8.3307945	-9.1833795	-10.043948	-8.8729835
osa-miR399d_Mature	-5.3140165	-3.98962115	-3.5790441	-5.9910984	-6.22794845	-4.1861185	-8.56065625	-8.05196865	-8.3370335	-8.9463355	-8.92006415	-8.0528476	-7.9827212	-7.05188515	-7.3969445	-7.29531825	-7.6940575	-8.021627	-6.6438265	-5.89783195	-7.25907865	-5.8501006	-5.8981576	-6.6515019	-6.8779595	-5.7403235	-4.7066937	-7.20727135	-7.96585925	-6.986182	-7.6725603	-7.27323075	-7.717731	-5.46845335	-6.8659715	-5.2654713	-8.122041	-7.32544685	-7.99634125	-7.251327	-6.466552	-5.9822015
osa-miR399g_Mature	-6.940833	-7.1519863	-4.7556815	-7.44511665	-8.739891	-5.95601825	-6.8355605	-6.84773825	-6.539279	-6.78558665	-6.51926495	-5.2948878	-5.80973175	-6.42682505	-5.287498	-6.244674	-6.5572408	-5.83290145	-7.3259502	-6.5476415	-5.8854604	-6.01121475	-6.04747295	-6.5256235	-6.79882555	-5.6778355	-6.845347	-6.88186075	-5.601533	-7.2377338	-8.3034557	-6.92104265	-7.35798835	-7.354197	-7.721212	-6.76443365	-7.4463005	-6.7412405	-5.75878035	-5.8137983	-6.3442316	-5.95050075
osa-miR172d_Mature	-8.7455355	-8.0107232	-7.45514665	-9.025114	-9.157527	-7.6805725	-8.3291685	-9.2376195	-8.4598615	-8.55527925	-10.0560895	-8.544976	-6.5519235	-9.2001615	-8.245278	-8.288827	-9.238449	-8.807678	-9.7446375	-9.7387085	-6.9815672	-9.4499955	-10.0180655	-9.5160515	-6.82896855	-5.70995855	-5.3326311	-9.1028265	-9.012291	-7.345273	-10.027978	-10.0611165	-8.1575825	-9.7396965	-9.914925	-8.822604	-9.428474	-9.776161	-8.2431415	-9.4851695	-10.0113405	-7.1648918
osa-miR160f_Mature	-5.43287035	-5.6508956	-4.59498335	-5.25929715	-5.8027921	-4.9123568	-6.4992421	-6.6846204	-6.23445035	-6.44092465	-6.42701675	-5.6414065	-6.932669	-6.4884318	-5.6450665	-5.878619	-6.11812665	-5.333764	-6.253086	-5.37137745	-5.57470895	-5.89221045	-6.34262385	-5.7412965	-6.5079067	-5.68452	-6.8659575	-7.375074	-6.1657155	-7.2963452	-6.0801348	-6.1760975	-5.12712635	-6.22041065	-6.2707895	-5.4586942	-6.9527235	-6.976758	-4.09208575	-4.7983037	-6.254534	-6.0710969
osa-miR166c_Mature	-5.43275985	-5.396631	-4.56458995	-5.48899935	-5.17534635	-4.16893865	-6.57758405	-5.5415905	-6.0467084	-7.5828776	-6.1861579	-5.106342	-5.918678	-5.93656375	-5.4632332	-5.81648635	-6.5152108	-5.7068015	-5.42785885	-5.72312815	-5.7354672	-4.7917361	-4.8877197	-4.6894628	-5.2441525	-3.75983785	-6.6142488	-5.62660015	-6.00627935	-6.25742265	-4.3377705	-5.49635665	-5.10359735	-6.3496645	-4.4121112	-5.59462095	-6.84620535	-6.60741165	-6.12631135	-4.61183885	-5.6932044	-6.0257814
osa-miR528_Mature	-6.6755058	-7.265961	-6.9690683	-7.24449315	-9.233262	-6.64538045	-6.2171087	-5.8466808	-4.3277118	-7.6110318	-6.27318955	-4.85277795	-6.5482154	-6.347112	-6.075333	-5.9127046	-7.11118535	-6.101184	-6.4944527	-5.98859	-7.8524725	-5.1070935	-4.69159985	-8.66880825	-4.04222485	-4.8232639	-5.88931615	-6.49052685	-6.448246	-6.222229	-8.086854	-6.7516041	-7.03631435	-5.55470775	-6.3556244	-4.73435065	-7.23982465	-7.710724	-7.2853069	-6.9531652	-7.6968998	-6.99217415
osa-miR172a_Mature	-8.48423685	-9.33202	-7.5512137	-8.6325165	-9.269617	-7.7778294	-8.7207075	-8.9553145	-8.5714075	-8.872157	-10.164949	-8.658201	-8.20094025	-9.3081905	-8.3065815	-8.3904475	-9.9873595	-5.3670339	-9.806558	-9.8580115	-5.5906616	-9.5573155	-10.176928	-9.608018	-6.98511085	-5.35805865	-6.9968028	-8.40792525	-9.5514535	-7.4700363	-10.1279835	-10.16473125	-8.2720755	-9.7844885	-9.5845695	-8.9584925	-9.5023375	-9.8351275	-8.3086755	-9.5741905	-9.77356525	-8.928213
osa-miR156d_Mature	-6.9790308	-7.90450515	-6.8275902	-7.58989485	-8.6325615	-6.7972076	-8.31559065	-9.346276	-8.5986285	-8.41456235	-8.752212	-6.6914241	-8.21260275	-8.1721725	-7.50347035	-6.86576665	-8.837843	-8.2570995	-8.0641505	-7.0491797	-8.618774	-6.1715775	-6.22678305	-9.325813	-5.64022495	-5.88074315	-7.04631085	-7.470185	-6.21167935	-6.2201426	-9.1635895	-7.69222355	-8.254954	-8.6955937	-8.925052	-8.9882955	-9.226459	-9.3860775	-7.7254896	-8.57976275	-9.218345	-8.446721
osa-miR395i_Mature	-8.28417	-9.364165	-7.6207775	-9.770322	-9.27328	-7.0614188	-8.5093695	-8.9901215	-8.4675755	-9.0558485	-9.4023235	-7.6973057	-8.2758445	-8.5247173	-6.283558	-8.46654425	-9.525175	-8.0943948	-8.7205485	-7.7025272	-8.639155	-7.62157975	-6.88929365	-9.1798805	-5.1370658	-5.1200117	-7.02160025	-7.439548	-8.694314	-6.8923523	-9.86274275	-8.894108	-8.347744	-9.8450255	-9.9928965	-9.0129565	-9.4971095	-9.6250745	-7.9399033	-8.0566395	-10.17813425	-8.8976965
osa-miR166e_Mature	-6.6133695	-6.7698418	-5.40309925	-5.98815815	-5.5132822	-4.4140589	-8.2259195	-6.99643925	-6.18381595	-8.6538505	-7.2552763	-6.00882165	-7.3321465	-7.582136	-6.8894117	-6.9006752	-7.07498085	-7.28730965	-6.51235295	-6.8931435	-7.3679325	-5.63331325	-5.7130405	-5.51256	-6.8121717	-5.67206585	-6.76648375	-7.221028	-6.7979492	-6.2109955	-5.45516255	-7.100348	-7.31197365	-8.18145385	-5.941145	-8.314823	-9.3979875	-8.847133	-8.2143545	-5.9090588	-7.789744	-7.98629375
osa-miR166a_Mature	-5.36436315	-5.5414345	-4.6595055	-5.37600985	-4.752725	-4.116902	-6.6804137	-5.82009365	-5.9996109	-7.37507725	-6.1800957	-5.01377565	-6.5273805	-6.0933714	-5.43143295	-5.86673135	-6.45595365	-5.61940235	-5.54398135	-5.92920495	-6.02884745	-4.76712705	-4.9293735	-4.6164446	-6.1507057	-5.7278753	-6.04177235	-5.88301165	-5.7294177	-4.98462685	-4.3888915	-5.6623408	-5.21499085	-6.018311	-4.68039755	-5.4223185	-6.8774933	-6.90948215	-6.2735217	-4.4935075	-5.77059055	-6.39309725
osa-miR319a_Mature	-7.81123215	-8.960514	-7.57470875	-9.40161525	-9.171407	-7.4722625	-7.9887091	-7.55485425	-7.616778	-8.98999625	-8.777965	-7.849433	-8.2168425	-8.4712095	-8.2365605	-8.4116455	-8.607673	-8.77652175	-8.03500125	-7.97790275	-8.526283	-7.34583165	-7.11548495	-9.4469375	-6.86558985	-5.4586315	-7.02111475	-9.07341375	-9.2967	-7.36814025	-7.2184927	-7.607751	-8.286971	-8.5982165	-7.87864625	-8.9701655	-9.397748	-8.911391	-8.03704415	-7.69723475	-7.98944425	-8.254014