LOC_Os01g59660	20	[34511622, 34511641] 
LOC_Os01g59660	21	[34511621, 34511641] 
LOC_Os01g69830	20	[40334888, 40334907] 
LOC_Os01g69830	21	[40334887, 40334907] 
LOC_Os01g69940	20	[40443612, 40443631] 
LOC_Os02g04680	20	[2109992, 2110011] 
LOC_Os02g06910	20	[3492163, 3492182] 
LOC_Os02g07780	20	[4077268, 4077287] 
LOC_Os02g36924	21	[22300435, 22300455] 
LOC_Os02g44360	21	[26842935, 26842955] 
LOC_Os02g44370	20	[26853602, 26853621] 
LOC_Os02g45070	20	[27336438, 27336457] 
LOC_Os02g45070	21	[27336438, 27336458] 
LOC_Os02g47280	21	[28865708, 28865728] 
LOC_Os02g49840	21	[30461196, 30461216] 
LOC_Os02g49840	21	[30461217, 30461237] 
LOC_Os02g52180	21	[31952037, 31952057] 
LOC_Os02g53620	20	[32794376, 32794395] 
LOC_Os02g53620	21	[32794376, 32794396] 
LOC_Os02g53690	19	[32841770, 32841789] 
LOC_Os02g53690	21	[32841769, 32841789] 
LOC_Os02g53690	21	[32841770, 32841791] 
LOC_Os02g53690	21	[32841771, 32841791] 
LOC_Os02g58490	20	[35767799, 35767818] 
LOC_Os03g01890	20	[552134, 552143] [552240, 552249] 
LOC_Os03g02970	21	[1199854, 1199863] [1199954, 1199965] 
LOC_Os03g07880	20	[4002331, 4002350] 
LOC_Os03g22810	20	[13181472, 13181485] [13182567, 13182572] 
LOC_Os03g22810	21	[13181471, 13181485] [13182567, 13182572] 
LOC_Os03g29760	20	[16970382, 16970401] 
LOC_Os03g43930	20	[24655294, 24655303] [24655391, 24655400] 
LOC_Os03g47140	19	[26680866, 26680885] 
LOC_Os03g47140	21	[26680864, 26680884] 
LOC_Os03g47140	21	[26680864, 26680885] 
LOC_Os03g47140	21	[26680866, 26680886] 
LOC_Os03g48970	20	[27894146, 27894165] 
LOC_Os03g48970	21	[27894145, 27894165] 
LOC_Os03g51970	19	[29824015, 29824034] 
LOC_Os03g51970	21	[29824013, 29824033] 
LOC_Os03g51970	21	[29824013, 29824034] 
LOC_Os03g54084	20	[31006902, 31006921] 
LOC_Os03g63750	20	[35991168, 35991187] 
LOC_Os04g32460	20	[19455132, 19455151] 
LOC_Os04g39864	21	[23740654, 23740673] 
LOC_Os04g43910	20	[26014848, 26014867] 
LOC_Os04g46130	21	[27333885, 27333905] 
LOC_Os04g46860	21	[27765988, 27766008] 
LOC_Os04g47870	20	[28432885, 28432904] 
LOC_Os04g47870	21	[28432885, 28432905] 
LOC_Os04g48410	20	[28878477, 28878496] 
LOC_Os04g48510	21	[28922995, 28923015] 
LOC_Os04g51190	19	[30320185, 30320204] 
LOC_Os04g51190	21	[30320184, 30320204] 
LOC_Os04g51190	21	[30320185, 30320206] 
LOC_Os04g51190	21	[30320186, 30320206] 
LOC_Os04g55560	20	[33074505, 33074524] 
LOC_Os05g03040	20	[1156407, 1156426] 
LOC_Os05g05800	20	[2893370, 2893389] 
LOC_Os05g48390	21	[27745296, 27745316] 
LOC_Os05g48390	21	[27745379, 27745399] 
LOC_Os05g48800	20	[27968816, 27968835] 
LOC_Os06g02560	19	[895293, 895312] 
LOC_Os06g02560	21	[895292, 895312] 
LOC_Os06g02560	21	[895293, 895314] 
LOC_Os06g02560	21	[895294, 895314] 
LOC_Os06g04270	21	[1808772, 1808793] 
LOC_Os06g11310	21	[5930614, 5930635] 
LOC_Os06g29430	20	[16854992, 16855011] 
LOC_Os06g40330	20	[24006137, 24006156] 
LOC_Os06g40330	21	[24006137, 24006157] 
LOC_Os06g45310	20	[27388145, 27388164] 
LOC_Os06g46270	20	[28041394, 28041413] 
LOC_Os06g46270	21	[28041393, 28041413] 
LOC_Os06g46410	20	[28159118, 28159137] 
LOC_Os06g46410	21	[28159673, 28159693] 
LOC_Os06g49010	21	[29707954, 29707974] 
LOC_Os06g51310	20	[31071200, 31071219] 
LOC_Os07g05720	20	[2752542, 2752561] 
LOC_Os07g05720	20	[2752543, 2752562] 
LOC_Os07g05720	21	[2752542, 2752562] 
LOC_Os07g13170	20	[7549317, 7549336] 
LOC_Os07g32170	20	[19100447, 19100466] 
LOC_Os07g33790	20	[20225479, 20225498] 
LOC_Os07g33790	21	[20225478, 20225498] 
LOC_Os07g41720	20	[24996966, 24996985] 
LOC_Os08g37670	21	[23858959, 23858979] 
LOC_Os08g39890	20	[25275154, 25275173] 
LOC_Os08g39890	21	[25275154, 25275174] 
LOC_Os09g31438	20	[18918909, 18918928] 
LOC_Os09g31438	21	[18918909, 18918929] 
LOC_Os09g32944	20	[19647848, 19647867] 
LOC_Os09g32944	21	[19647847, 19647867] 
LOC_Os10g33940	20	[18055768, 18055787] 
LOC_Os10g33960	20	[18087381, 18087390] [18087482, 18087491] 
LOC_Os11g30370	20	[17631825, 17631844] 
LOC_Os11g30370	21	[17631825, 17631845] 
LOC_Os11g35030	19	[20523894, 20523913] 
LOC_Os11g35030	20	[20523893, 20523912] 
LOC_Os11g48060	21	[28974944, 28974964] 
LOC_Os12g29980	19	[17917704, 17917723] 
LOC_Os12g29980	21	[17917702, 17917722] 
LOC_Os12g29980	21	[17917702, 17917723] 
LOC_Os12g41680	20	[25805933, 25805952] 
LOC_Os12g41860	20	[25924875, 25924884] [25924987, 25924996] 
LOC_Os12g42400	20	[26347338, 26347357] 
LOC_Os12g42400	21	[26347338, 26347358] 
