chr07
11669785	11669934
27807731	27807880
19237812	19237961
19616203	19616352
15004066	15004215
22284078	22284227
25293630	25293779
23808081	23808230
28074558	28074707
25525111	25525260
17877372	17877521
14845139	14845288
23948847	23948996
18906592	18906741
25157803	25157952
25549586	25549735
12066864	12067013
24972660	24972809
12272520	12272669
28426591	28426740
27876462	27876611
20178883	20179032
3914444	3914593
15296168	15296317
13174567	13174716
6554320	6554469
22517172	22517321
18560902	18561051
25333317	25333466
24368412	24368561
6551912	6552061
18040116	18040265
13351944	13352093
26791793	26791942
20142253	20142402
7872469	7872618
2908474	2908623
2357956	2358105
2111546	2111695
25361967	25362116
1360199	1360348
27528680	27528829
18097265	18097414
1780042	1780191
19814911	19815060
25553647	25553796
21458422	21458571
1913963	1914112
5123738	5123887
27354599	27354748

chr06
8619242	8619391
30426431	30426580
11752968	11753117
28377238	28377387
26321363	26321512
19887457	19887606
21762081	21762230
25722041	25722190
29434357	29434506
8717184	8717333
18925376	18925525
26798696	26798845
1315192	1315341
12004202	12004351
2899905	2900054
23979855	23980004
12825458	12825607
6748626	6748775
20294154	20294303
25358462	25358611
23857605	23857754
24986395	24986544
28476219	28476368
15680960	15681109
11227265	11227414
29829511	29829660
1557427	1557576
28922457	28922606
20088631	20088780
12559289	12559438
17083926	17084075
13081775	13081924
25008068	25008217
227936	228085
21541636	21541785
23432373	23432522
12436344	12436493
10877153	10877302
11510271	11510420
9096212	9096361
14933993	14934142
28155646	28155795
5180188	5180337
19679118	19679267
26808220	26808369
24289823	24289972
18905333	18905482
16768502	16768651
25801786	25801935
29739289	29739438

chr05
16722642	16722791
2196277	2196426
23975158	23975307
26943382	26943531
14425880	14426029
15406132	15406281
19353673	19353822
27974294	27974443
26336708	26336857
6444539	6444688
26628165	26628314
24350251	24350400
14171665	14171814
12185815	12185964
12163712	12163861
20326147	20326296
3033061	3033210
28704280	28704429
14583349	14583498
2889287	2889436
25798019	25798168
11026341	11026490
7341189	7341338
15527259	15527408
1216647	1216796
14262360	14262509
20032022	20032171
4096920	4097069
22520604	22520753
27380268	27380417
24351528	24351677
20738619	20738768
29358274	29358423
8509106	8509255
2482259	2482408
25633208	25633357
1473847	1473996
26887177	26887326
9751907	9752056
18908649	18908798
5887980	5888129
12296060	12296209
19409793	19409942
11211019	11211168
27203660	27203809
4164491	4164640
26117789	26117938
28205568	28205717
24121466	24121615
14010240	14010389

chr04
7617361	7617510
13266467	13266616
24206610	24206759
25320305	25320454
3315689	3315838
27967805	27967954
1611379	1611528
34420571	34420720
12852131	12852280
15943466	15943615
4218913	4219062
24355105	24355254
10591231	10591380
16817735	16817884
9831335	9831484
11946425	11946574
6780776	6780925
26173545	26173694
6353754	6353903
21419710	21419859
9217785	9217934
32926313	32926462
32726428	32726577
18269129	18269278
25152561	25152710
30478193	30478342
26247905	26248054
10525388	10525537
13954605	13954754
504387	504536
19132079	19132228
23131783	23131932
24094011	24094160
13855398	13855547
6417484	6417633
7746061	7746210
32531493	32531642
20901663	20901812
2315203	2315352
26237069	26237218
29805687	29805836
9192677	9192826
14057729	14057878
3939213	3939362
29828087	29828236
8623794	8623943
26648931	26649080
19067632	19067781
18379320	18379469
13905533	13905682

chr03
15963397	15963546
6578471	6578620
31349095	31349244
17336472	17336621
16684726	16684875
169459	169608
10245889	10246038
11460227	11460376
34786163	34786312
2848481	2848630
16512834	16512983
21133441	21133590
5530844	5530993
4906357	4906506
32017664	32017813
33233279	33233428
609884	610033
32724326	32724475
1000309	1000458
22447435	22447584
26651669	26651818
7886508	7886657
36096358	36096507
10655311	10655460
34265652	34265801
1321318	1321467
10545946	10546095
17924947	17925096
27145179	27145328
32118763	32118912
5678747	5678896
7607364	7607513
17188072	17188221
10758811	10758960
1314779	1314928
34895944	34896093
11368393	11368542
30369472	30369621
34530815	34530964
18895132	18895281
18620980	18621129
35115304	35115453
7224906	7225055
11870150	11870299
8023361	8023510
18046355	18046504
8559895	8560044
31024760	31024909
27592545	27592694
25862615	25862764

chr02
19439173	19439322
23886196	23886345
13355475	13355624
14993420	14993569
25083016	25083165
34353329	34353478
22495991	22496140
12912207	12912356
18176461	18176610
18668952	18669101
3621163	3621312
13876919	13877068
30189987	30190136
23582455	23582604
19144083	19144232
8673101	8673250
31674567	31674716
35121843	35121992
18581355	18581504
22742904	22743053
9879116	9879265
1285442	1285591
33202397	33202546
31106296	31106445
12650278	12650427
23619550	23619699
15903622	15903771
15430212	15430361
29862321	29862470
6447589	6447738
31491783	31491932
24754577	24754726
33664670	33664819
30419496	30419645
20552392	20552541
22773310	22773459
31036426	31036575
21060707	21060856
19304353	19304502
28927175	28927324
19943469	19943618
23734180	23734329
1845459	1845608
17591725	17591874
17795390	17795539
33802346	33802495
10470053	10470202
29982096	29982245
14892866	14893015
26029209	26029358

chr01
23897306	23897455
39136681	39136830
33478285	33478434
31556638	31556787
32830955	32831104
45692	45841
106347	106496
25312521	25312670
29819008	29819157
14371748	14371897
33685570	33685719
23772390	23772539
21378005	21378154
35742414	35742563
42562824	42562973
1404473	1404622
19381938	19382087
955698	955847
8901430	8901579
39770152	39770301
1537232	1537381
36274404	36274553
7518263	7518412
37577269	37577418
33394072	33394221
33390108	33390257
28198060	28198209
19944141	19944290
21971316	21971465
36953412	36953561
42472725	42472874
7123952	7124101
42798824	42798973
27506832	27506981
2254892	2255041
36579456	36579605
21763287	21763436
36916495	36916644
24250488	24250637
33444322	33444471
27247640	27247789
38287893	38288042
18570884	18571033
23648449	23648598
29897264	29897413
19843130	19843279
21082987	21083136
17404116	17404265
22580246	22580395
41841814	41841963

chr09
10413135	10413284
9312510	9312659
1224427	1224576
7116858	7117007
10195002	10195151
12297433	12297582
63255	63404
12222324	12222473
967456	967605
3695368	3695517
3170086	3170235
77386	77535
3929944	3930093
1135169	1135318
22666370	22666519
22480663	22480812
19922101	19922250
1460651	1460800
2207404	2207553
3559379	3559528
4568376	4568525
2988463	2988612
11582469	11582618
21113770	21113919
11393005	11393154
20500812	20500961
19594294	19594443
13080385	13080534
15649739	15649888
7553521	7553670
10141689	10141838
21304143	21304292
19940710	19940859
14336906	14337055
19962142	19962291
22466278	22466427
22542272	22542421
15168539	15168688
8556432	8556581
5428632	5428781
11543242	11543391
18886197	18886346
20423880	20424029
22958554	22958703
13356071	13356220
2119542	2119691
22277559	22277708
12430651	12430800
5595043	5595192
15732605	15732754

chr08
460436	460585
21937965	21938114
6047811	6047960
11269633	11269782
7673728	7673877
6989984	6990133
21649380	21649529
17401324	17401473
20541218	20541367
19952039	19952188
7367512	7367661
24712458	24712607
9842542	9842691
6475605	6475754
25380685	25380834
23995632	23995781
2989304	2989453
2013044	2013193
23392071	23392220
26711018	26711167
19991643	19991792
23441359	23441508
16106855	16107004
10285071	10285220
16180959	16181108
22448669	22448818
23408548	23408697
23300745	23300894
26432717	26432866
24987284	24987433
17666139	17666288
2158676	2158825
11763226	11763375
12778522	12778671
17876866	17877015
2863547	2863696
24733750	24733899
4591013	4591162
21127290	21127439
352299	352448
23372627	23372776
11494305	11494454
18165550	18165699
1738993	1739142
6221908	6222057
256027	256176
19034247	19034396
2826381	2826530
24327624	24327773
2073039	2073188

chr12
4061491	4061640
7178130	7178279
20232914	20233063
16348605	16348754
1887932	1888081
14358737	14358886
19880757	19880906
4001161	4001310
7531599	7531748
1361586	1361735
17172021	17172170
19663372	19663521
9411032	9411181
4557751	4557900
7198101	7198250
3719901	3720050
1369578	1369727
7949808	7949957
11338180	11338329
22719506	22719655
2601811	2601960
11262622	11262771
27301105	27301254
24521437	24521586
23619843	23619992
22655910	22656059
25605985	25606134
17661194	17661343
3044139	3044288
6051717	6051866
22702389	22702538
19166152	19166301
20870561	20870710
6332328	6332477
20236598	20236747
2514558	2514707
12907267	12907416
13010850	13010999
11187710	11187859
22812209	22812358
14632566	14632715
27131804	27131953
16100931	16101080
26485098	26485247
2773407	2773556
13337217	13337366
2234321	2234470
9021320	9021469
25418307	25418456
2074103	2074252

chr11
15883954	15884103
28570229	28570378
28293053	28293202
22654881	22655030
15571624	15571773
18318610	18318759
13626675	13626824
26816400	26816549
8466840	8466989
8563809	8563958
18039885	18040034
23879614	23879763
10994733	10994882
25709441	25709590
28957044	28957193
18451670	18451819
23750850	23750999
28248438	28248587
20749342	20749491
3256588	3256737
10855285	10855434
14657086	14657235
20747020	20747169
25890590	25890739
878707	878856
4551985	4552134
10847884	10848033
14791855	14792004
15669668	15669817
20646089	20646238
21985648	21985797
18893138	18893287
20499932	20500081
16718079	16718228
21215149	21215298
403945	404094
19429501	19429650
28267374	28267523
26643424	26643573
27027098	27027247
6750864	6751013
1757898	1758047
11277876	11278025
1717278	1717427
3652390	3652539
494715	494864
26116064	26116213
11000268	11000417
1080915	1081064
12703305	12703454

chr10
19000531	19000680
14577892	14578041
19359041	19359190
4780383	4780532
19414198	19414347
4563778	4563927
2408817	2408966
9104537	9104686
15978922	15979071
22248077	22248226
18319068	18319217
20823425	20823574
4635947	4636096
8494698	8494847
14543050	14543199
2995622	2995771
17917506	17917655
11830174	11830323
20388008	20388157
21620399	21620548
20758822	20758971
22754152	22754301
21027455	21027604
13459330	13459479
9337898	9338047
6613683	6613832
13402052	13402201
7011811	7011960
19495683	19495832
20176835	20176984
18981486	18981635
17471814	17471963
12057591	12057740
6997572	6997721
10006084	10006233
19113949	19114098
4745655	4745804
12608310	12608459
20580687	20580836
19969276	19969425
19965313	19965462
17199028	17199177
1214264	1214413
20025082	20025231
20178899	20179048
3289865	3290014
560681	560830
12719462	12719611
21087095	21087244
9564410	9564559
