chr07
1996073	1996222
13350597	13350746
3313187	3313336
24124640	24124789
16395301	16395450
14013988	14014137
17267046	17267195
24672893	24673042
24369694	24369843
26291282	26291431
14857573	14857722
8657764	8657913
6538647	6538796
21466398	21466547
29594930	29595079
9142526	9142675
24816066	24816215
12904122	12904271
19854785	19854934
18849439	18849588
16561706	16561855
28595515	28595664
29043800	29043949
28599493	28599642
20724396	20724545
10452325	10452474
1252776	1252925
7418172	7418321
19537831	19537980
984811	984960
12924517	12924666
928576	928725
28962480	28962629
24416967	24417116
10865988	10866137
382204	382353
27957454	27957603
28063271	28063420
1785857	1786006
27933953	27934102
23904401	23904550
12083965	12084114
23526361	23526510
3425961	3426110
23737241	23737390
17848990	17849139
19137996	19138145
22454943	22455092
356765	356914
2161792	2161941

chr06
15779478	15779627
17647707	17647856
13018208	13018357
26442224	26442373
719118	719267
30679097	30679246
22565150	22565299
22338426	22338575
2958470	2958619
23904573	23904722
29186677	29186826
23536092	23536241
21593137	21593286
4393157	4393306
657027	657176
22277093	22277242
24474863	24475012
16876121	16876270
18908530	18908679
21995714	21995863
29871881	29872030
30274075	30274224
28296269	28296418
13326158	13326307
9353060	9353209
25133315	25133464
19530465	19530614
20735138	20735287
17620694	17620843
21688969	21689118
28722240	28722389
2546307	2546456
9906492	9906641
27528300	27528449
8905369	8905518
21060046	21060195
16400197	16400346
30339892	30340041
25023788	25023937
19425905	19426054
22836280	22836429
16584421	16584570
30063445	30063594
18379269	18379418
27262627	27262776
16500112	16500261
18554452	18554601
15334081	15334230
11634966	11635115
7917488	7917637

chr05
25100058	25100207
22775288	22775437
14180033	14180182
11518832	11518981
12725515	12725664
16187620	16187769
4507368	4507517
2808111	2808260
2038904	2039053
10214781	10214930
147755	147904
20579416	20579565
18828963	18829112
18430512	18430661
12879508	12879657
11792149	11792298
25611344	25611493
13899663	13899812
24011957	24012106
7543739	7543888
4718308	4718457
12882959	12883108
9704458	9704607
17961766	17961915
16418531	16418680
20195879	20196028
3424159	3424308
10289926	10290075
16671389	16671538
29717716	29717865
6619400	6619549
3355311	3355460
14779853	14780002
3973619	3973768
24228012	24228161
7247785	7247934
16432451	16432600
15823592	15823741
11570605	11570754
15068135	15068284
16207693	16207842
19861285	19861434
876700	876849
20357119	20357268
21611970	21612119
10038801	10038950
14865417	14865566
22603962	22604111
2402138	2402287
5392924	5393073

chr04
11139254	11139403
16332182	16332331
32182413	32182562
9123690	9123839
9509246	9509395
25268124	25268273
22930305	22930454
29708983	29709132
22555308	22555457
31880030	31880179
6244970	6245119
8322201	8322350
26984745	26984894
7530248	7530397
22603863	22604012
2655642	2655791
13768709	13768858
8707986	8708135
3671348	3671497
23388071	23388220
26820710	26820859
27990570	27990719
33013095	33013244
28720879	28721028
16941856	16942005
20037030	20037179
26511166	26511315
10681166	10681315
4792765	4792914
17751511	17751660
13300953	13301102
1294961	1295110
13356058	13356207
7330021	7330170
11712754	11712903
2068290	2068439
20224051	20224200
34332604	34332753
29069264	29069413
19947669	19947818
24211378	24211527
34978906	34979055
29980280	29980429
8462617	8462766
7363736	7363885
17282260	17282409
32631697	32631846
15135768	15135917
30473172	30473321
107106	107255

chr03
27860620	27860769
4286097	4286246
24648747	24648896
19699669	19699818
9068086	9068235
2945758	2945907
24054479	24054628
22095821	22095970
7073825	7073974
10455259	10455408
26789400	26789549
11686743	11686892
29281690	29281839
7811328	7811477
19434549	19434698
3805578	3805727
33037270	33037419
26903001	26903150
26329160	26329309
27456122	27456271
28912099	28912248
8336429	8336578
12150728	12150877
14388932	14389081
8241324	8241473
21391714	21391863
18433241	18433390
29176489	29176638
14323547	14323696
16845315	16845464
18665159	18665308
34732182	34732331
16892483	16892632
8024327	8024476
27623719	27623868
19754991	19755140
18826973	18827122
12354621	12354770
30258690	30258839
18762731	18762880
32347027	32347176
12819796	12819945
26959849	26959998
21055567	21055716
766246	766395
7433841	7433990
22196230	22196379
7696812	7696961
19611721	19611870
24250492	24250641

chr02
32020088	32020237
271439	271588
27248096	27248245
19635532	19635681
11451387	11451536
5428409	5428558
27522872	27523021
24765851	24766000
20418548	20418697
1193082	1193231
34618732	34618881
15882178	15882327
10297749	10297898
28009961	28010110
24536696	24536845
17021343	17021492
27587876	27588025
24689786	24689935
22631868	22632017
12651553	12651702
34197673	34197822
3845070	3845219
26252142	26252291
30434162	30434311
30310223	30310372
29990377	29990526
19629836	19629985
30923710	30923859
4926010	4926159
20472144	20472293
16032225	16032374
25434328	25434477
9588717	9588866
29317070	29317219
25193858	25194007
4475336	4475485
7602681	7602830
6824819	6824968
27028816	27028965
16599783	16599932
9378206	9378355
906414	906563
20866764	20866913
18323458	18323607
35817836	35817985
20226723	20226872
31848842	31848991
10539923	10540072
29508130	29508279
17741620	17741769

chr01
33226309	33226458
13079144	13079293
27801110	27801259
22331986	22332135
15769039	15769188
23935131	23935280
29874268	29874417
8687833	8687982
9444834	9444983
41573756	41573905
21846373	21846522
19113932	19114081
42946362	42946511
16883319	16883468
18992286	18992435
30727894	30728043
3066509	3066658
4419978	4420127
28782189	28782338
6375425	6375574
29822141	29822290
34946406	34946555
32996299	32996448
7593548	7593697
32251930	32252079
19830153	19830302
13567088	13567237
23106589	23106738
11571202	11571351
20632048	20632197
30007392	30007541
35775881	35776030
27658196	27658345
5344054	5344203
38130682	38130831
42060892	42061041
8240597	8240746
170552	170701
19158688	19158837
25541494	25541643
1002224	1002373
30531069	30531218
25192285	25192434
37230055	37230204
26111762	26111911
37799596	37799745
15299220	15299369
14442154	14442303
22042170	22042319
29849201	29849350

chr09
21588806	21588955
9704881	9705030
15072223	15072372
3940252	3940401
3342650	3342799
22204730	22204879
3999720	3999869
20636422	20636571
14214931	14215080
7131295	7131444
22124421	22124570
3289764	3289913
14183026	14183175
11304379	11304528
21836670	21836819
21375602	21375751
4453165	4453314
1377682	1377831
9232629	9232778
12301020	12301169
20243443	20243592
5713841	5713990
6197247	6197396
9387931	9388080
4684293	4684442
21174194	21174343
2339875	2340024
4014471	4014620
5898350	5898499
3293511	3293660
9806817	9806966
6952609	6952758
19932640	19932789
19015358	19015507
9244984	9245133
10357352	10357501
14100578	14100727
17799265	17799414
17503097	17503246
1786534	1786683
16198535	16198684
13969119	13969268
12683640	12683789
6066954	6067103
15964824	15964973
15780092	15780241
1478174	1478323
9535483	9535632
3959339	3959488
19681764	19681913

chr08
11994246	11994395
14662816	14662965
25568783	25568932
10458257	10458406
14896091	14896240
21313577	21313726
26694196	26694345
10506778	10506927
19983737	19983886
13540457	13540606
16964443	16964592
4296474	4296623
216514	216663
20795933	20796082
9005910	9006059
24152517	24152666
22753255	22753404
1182468	1182617
13654665	13654814
46397	46546
20094325	20094474
878958	879107
7261327	7261476
19440493	19440642
17859357	17859506
11073854	11074003
262357	262506
17583835	17583984
27592271	27592420
23567271	23567420
22467554	22467703
19838582	19838731
12077832	12077981
16513258	16513407
11973238	11973387
23434365	23434514
1369855	1370004
24245868	24246017
14286754	14286903
12110899	12111048
22282538	22282687
19945941	19946090
20890429	20890578
10230114	10230263
7859094	7859243
24084604	24084753
15507740	15507889
15609772	15609921
17138595	17138744
13910417	13910566

chr012
14414084	14414233
18821938	18822087
3750376	3750525
23615770	23615919
10175715	10175864
5102728	5102877
7862549	7862698
20159190	20159339
9595193	9595342
10024841	10024990
22206810	22206959
23765457	23765606
18536426	18536575
20783128	20783277
3201147	3201296
12684798	12684947
632236	632385
6095337	6095486
20292260	20292409
23101420	23101569
17256810	17256959
5151919	5152068
23015275	23015424
2715967	2716116
23279739	23279888
11575517	11575666
17091427	17091576
26044890	26045039
26582766	26582915
26633872	26634021
987265	987414
23991210	23991359
5739935	5740084
2858829	2858978
14153091	14153240
16356739	16356888
17076793	17076942
3185165	3185314
18357522	18357671
5111997	5112146
19546361	19546510
9796859	9797008
5672472	5672621
15678950	15679099
6647104	6647253
13892004	13892153
4762648	4762797
22673044	22673193
13472140	13472289
18294080	18294229

chr11
4667235	4667384
13971420	13971569
1190253	1190402
17197864	17198013
10115440	10115589
199574	199723
7579751	7579900
18193781	18193930
11332848	11332997
8364622	8364771
7791517	7791666
7751388	7751537
3912852	3913001
5855310	5855459
25360975	25361124
183485	183634
22817905	22818054
12747348	12747497
14030104	14030253
6875624	6875773
24506203	24506352
1106006	1106155
57489	57638
8140639	8140788
5057475	5057624
11675572	11675721
4065590	4065739
23444096	23444245
17478036	17478185
8162346	8162495
15935853	15936002
5354985	5355134
15699575	15699724
9302125	9302274
19510853	19511002
14102538	14102687
385561	385710
23771559	23771708
25749520	25749669
4488482	4488631
20168105	20168254
25664417	25664566
745945	746094
11729091	11729240
19217351	19217500
5157269	5157418
13127389	13127538
26644285	26644434
28698642	28698791
1268462	1268611

chr10
21243236	21243385
12440450	12440599
6728637	6728786
14953338	14953487
2750936	2751085
13794945	13795094
4342371	4342520
21166721	21166870
18898058	18898207
5970769	5970918
12204524	12204673
11899992	11900141
18122574	18122723
1455116	1455265
15501942	15502091
16109605	16109754
20147621	20147770
17636768	17636917
7450482	7450631
21660630	21660779
9369309	9369458
8404330	8404479
3276469	3276618
18806463	18806612
17075678	17075827
16500107	16500256
13048103	13048252
15143208	15143357
3356535	3356684
9450489	9450638
12286414	12286563
16479321	16479470
16521191	16521340
4460481	4460630
9978455	9978604
13463840	13463989
18993407	18993556
10724869	10725018
14300942	14301091
22044879	22045028
20995617	20995766
21252720	21252869
10869751	10869900
10889351	10889500
14498197	14498346
20488211	20488360
20484566	20484715
9038370	9038519
19302583	19302732
19628097	19628246
