3
13
28
18
0
12
4
5
10
11
18
4
19
7
3
16
54
0
29
2
11
5
1
14
37
57
1
14
3
0
7
0
13
9
2
26
10
48
14
7
0
23
14
19
14
27
3
3
16
9
5
6
28
6
16
24
11
6
15
29
28
2
5
5
6
18
7
4
13
14
5
11
5
32
2
2
22
0
10
22
60
35
11
6
6
4
17
10
16
17
13
22
18
23
17
4
29
12
5
15
48
5
12
9
28
29
4
8
7
14
4
22
3
40
31
5
5
3
28
3
13
4
6
4
16
19
15
16
10
13
12
2
10
21
7
9
6
0
17
16
41
17
12
12
8
7
6
3
2
24
0
40
4
6
55
1
31
4
36
6
21
5
28
6
0
13
55
9
36
4
0
45
3
0
3
22
2
8
14
40
20
9
14
18
23
35
5
4
41
10
6
6
4
40
2
22
4
33
13
17
9
12
4
8
36
3
9
14
14
14
36
64
1
20
12
9
6
22
1
3
4
3
19
4
0
6
2
4
25
4
6
7
29
4
31
4
22
4
6
23
31
4
15
16
25
27
20
10
3
11
19
16
10
5
25
4
9
20
1
36
14
28
23
7
12
0
3
13
4
17
5
6
1
3
11
5
25
13
1
10
8
11
5
10
8
1
9
8
5
23
6
3
0
11
8
0
31
8
41
1
6
12
14
4
5
26
5
16
16
24
13
14
8
23
14
4
9
32
3
29
3
1
17
19
3
12
24
28
12
7
15
5
7
8
13
54
5
5
15
15
1
4
3
8
5
16
10
3
8
5
28
28
3
3
33
18
10
18
17
30
4
2
2
37
6
0
1
2
17
20
1
19
28
15
25
14
11
72
0
14
5
5
18
4
9
14
6
2
25
17
42
7
2
0
11
37
10
2
16
2
20
4
27
14
9
19
5
30
82
6
11
6
18
7
8
0
8
9
19
5
24
21
20
8
29
12
6
3
14
4
8
8
3
35
4
3
14
2
22
0
3
32
5
12
17
2
24
14
2
23
8
15
17
24
7
20
12
7
9
13
42
12
8
0
7
8
14
20
13
14
10
12
16
5
4
7
4
0
65
13
37
11
16
10
44
21
11
20
24
2
24
7
3
4
1
28
3
38
16
25
25
0
2
11
62
28
39
22
4
5
11
12
29
5
11
7
6
19
9
7
28
14
10
11
4
6
12
31
9
4
9
19
7
22
11
0
6
2
15
24
41
0
32
9
8
22
68
11
6
55
2
38
9
25
15
21
27
9
4
2
8
3
15
10
2
12
6
14
4
8
10
4
7
0
5
26
8
35
0
25
5
14
2
22
34
5
18
8
31
22
4
3
28
19
9
32
2
12
2
21
