8
44
3
18
10
24
8
10
5
12
6
14
4
19
18
12
8
6
10
29
30
7
1
10
9
25
14
5
31
4
8
9
6
22
22
11
4
8
6
19
3
13
15
4
17
25
24
17
15
20
25
9
7
6
6
0
0
25
3
4
7
5
20
10
3
12
3
24
15
10
5
13
21
4
24
3
5
6
21
27
2
3
14
9
18
8
17
5
7
12
0
15
8
11
13
22
0
21
19
0
13
4
11
0
51
3
0
9
56
17
7
25
14
3
18
15
4
19
20
12
25
23
14
29
10
5
4
0
1
4
12
4
6
19
11
42
23
18
4
8
16
16
8
1
10
60
5
6
2
15
33
29
10
0
19
7
7
31
9
36
21
17
11
19
7
4
22
15
24
15
22
1
3
1
32
36
15
6
30
12
10
21
19
30
23
19
23
4
1
5
12
33
7
18
13
26
10
3
3
21
5
6
18
9
2
6
16
18
10
14
8
1
3
6
6
6
4
18
17
7
10
2
27
19
6
4
0
5
3
17
39
8
2
28
28
6
16
6
2
27
8
7
8
19
8
2
6
3
11
4
8
14
5
4
55
31
9
22
4
6
5
7
45
17
12
7
8
26
22
7
17
13
27
10
32
27
11
12
8
8
15
31
0
2
6
28
3
8
4
20
8
11
4
13
2
12
23
1
5
44
18
13
5
20
6
6
2
3
19
8
37
2
7
28
31
3
9
2
8
22
6
2
27
2
2
26
8
5
17
3
13
5
3
15
23
19
16
6
45
7
7
16
3
12
9
20
42
32
7
18
5
11
3
20
2
9
19
6
0
20
7
26
0
0
32
8
4
18
31
9
2
43
22
5
63
11
12
25
12
0
10
2
14
18
25
15
14
6
6
6
13
9
6
1
6
3
20
25
0
23
16
19
22
14
0
10
0
20
13
23
41
11
24
15
21
10
21
26
10
9
16
25
5
19
10
24
2
21
16
12
4
20
4
0
21
7
16
26
11
9
5
31
11
22
14
2
2
0
15
10
34
5
13
9
29
13
21
1
3
8
6
13
50
12
6
21
6
45
3
17
29
11
34
3
26
19
0
36
1
6
24
17
11
13
4
19
19
8
16
2
15
29
9
97
18
23
11
2
45
35
1
21
39
4
15
11
10
9
21
20
19
15
15
21
17
13
5
10
2
16
12
16
0
8
21
28
1
9
18
6
19
7
20
24
16
29
22
23
39
27
36
49
11
0
24
2
16
2
13
3
3
0
31
4
22
3
24
16
29
0
13
12
15
11
22
6
2
16
3
3
22
12
12
10
15
24
29
0
29
17
21
16
7
1
12
21
4
37
5
4
18
21
2
1
15
9
3
19
12
11
