ID	GSM534579	GSM534580	GSM534581	GSM534582	GSM534583	GSM534584	GSM534597	GSM534598	GSM534599	GSM534600	GSM534601	GSM534602
osa-miR535_Mature	-6.9512434	-7.7388187	-6.357611	-7.2661528	-9.101041	-7.66367215	-7.5451615	-6.874893	-8.4013715	-6.3456804	-6.0249834	-9.401312
osa-miR169d_Mature	-8.6888265	-6.9986593	-7.4735142	-9.14614175	-9.084997	-7.702186	-9.7631665	-8.2152805	-8.2516265	-7.2243523	-6.964567	-9.3667455
osa-miR166b_Mature	-5.962316	-5.28043065	-4.5320828	-5.478483	-5.1115488	-4.1530261	-5.4938242	-5.8473105	-4.38803785	-4.82306005	-4.92899875	-4.605032
osa-miR156k_Mature	-6.6582217	-7.0601958	-6.2992782	-6.6364193	-8.7734835	-6.3331175	-6.5510192	-6.3518105	-6.16682965	-5.6928243	-5.4858509	-6.7776065
osa-miR160a_Mature	-4.42843795	-3.8187928	-2.9361493	-4.9311435	-5.0750985	-3.7112832	-5.00915435	-4.3683797	-4.5616495	-5.11164825	-5.5344901	-4.73608995
osa-miR395w_Mature	-8.8541105	-7.7711278	-7.32780565	-8.996794	-9.2647775	-7.8080769	-9.03511	-8.15058225	-8.2548725	-7.820601	-7.23559645	-9.490103
osa-miR395n_Mature	-8.9236955	-8.096451	-7.63394585	-8.96591	-9.320039	-7.816141	-8.31054025	-7.943797	-7.337185	-7.3760215	-7.089829	-8.7380375
osa-miR171d_Mature	-8.718024	-9.248866	-7.5303458	-9.62478	-9.158758	-7.73240615	-9.81047275	-9.8090695	-8.4925	-9.5000685	-9.9753685	-9.478284
osa-miR160e_Mature	-3.952297	-3.55916	-2.42087335	-4.3139897	-4.51297325	-3.08995625	-4.05708095	-3.3816471	-3.39468615	-3.89776925	-4.3075963	-3.5725727
osa-miR167f_Mature	-8.816127	-9.2957755	-7.56586455	-9.617047	-9.219308	-7.75957835	-9.8183045	-9.84963625	-8.4940965	-9.5405145	-10.0705735	-9.458401
osa-miR167b_Mature	-8.7098555	-9.157486	-7.4580762	-9.56507475	-7.157903	-7.681646	-9.7445595	-9.7073385	-8.321658	-9.42411025	-10.0550985	-9.30233675
osa-miR166f_Mature	-5.90807475	-5.2709422	-4.5014076	-5.80933485	-5.25057335	-4.1417427	-5.573382	-5.7784495	-5.94763165	-4.7420197	-4.9121132	-4.5705352
osa-miR167a_Mature	-8.825041	-9.30499	-7.5289308	-8.6267867	-9.227995	-7.7427444	-9.80167675	-9.8466285	-8.5088195	-9.541027	-9.4360525	-8.7554915
osa-miR395r_Mature	-8.80569475	-8.9225035	-7.56869245	-7.316493	-8.907869	-7.76451135	-8.69265815	-7.98908315	-8.539523	-7.47969315	-6.95753885	-9.51336
osa-miR399j_Mature	-5.92383815	-4.78145075	-4.60746235	-7.169065	-7.3010328	-4.45828295	-7.1255422	-6.40578845	-7.44654175	-6.27505485	-6.15363645	-8.1161305
osa-miR171h_Mature	-8.4269405	-8.4054865	-7.5682497	-9.141323	-9.229501	-7.7696392	-9.124632	-8.315306	-8.5017905	-9.011008	-8.2221062	-9.4893875
osa-miR166m_Mature	-7.8570645	-7.1506813	-7.214969	-7.5466925	-8.8740795	-7.793741	-6.6286337	-7.8840225	-8.390535	-6.11878675	-6.13125425	-5.5828261
osa-miR156l_Mature	-7.7971945	-9.13690875	-7.56038735	-7.9020225	-9.215033	-7.75651185	-7.659927	-6.86700285	-8.4833155	-6.24352925	-6.2998743	-9.4942495
osa-miR397b_Mature	-7.644135	-9.427135	-7.6363947	-5.37439825	-9.3606295	-7.8239455	-9.8632095	-9.97642875	-8.659311	-9.644645	-10.249373	-9.6306815
osa-miR166h_Mature	-4.94105025	-5.8061167	-4.4280447	-5.30194615	-6.2090938	-4.930964	-5.34928965	-4.997441	-5.50725295	-4.87511525	-5.13478725	-4.70972425
osa-miR395s_Mature	-8.6928265	-6.25865485	-7.1384285	-8.866758	-9.1281415	-7.6738149	-9.12686175	-7.8803082	-8.230117	-7.1996277	-6.7871065	-9.496337
osa-miR169l_Mature	-5.91772175	-6.22778395	-6.83649685	-7.996271	-8.077821	-7.70116225	-9.036638	-8.55439	-7.05135265	-8.6944945	-7.9246913	-9.40054225
osa-miR395g_Mature	-8.38342	-9.256203	-7.5811555	-8.58437225	-7.8831145	-7.7804761	-9.035952	-7.89842625	-8.53788625	-7.4188211	-6.9671099	-9.5207355
osa-miR160c_Mature	-4.74941375	-3.9476424	-2.9697354	-4.3029416	-5.21267565	-3.89916425	-5.0480949	-4.4573672	-4.384398	-5.1028587	-5.48528515	-4.87186375
osa-miR395o_Mature	-8.7926945	-9.2982835	-7.55401385	-9.69700275	-9.210855	-7.795666	-9.811271	-8.8016865	-8.4372055	-9.20685	-8.0393505	-8.9410275
osa-miR166i_Mature	-7.97966925	-7.28612825	-7.5738235	-8.421567	-7.2847305	-7.1109823	-8.0389352	-8.407919	-8.56255475	-7.4413537	-6.9470167	-6.608121
osa-miR167e_Mature	-8.42151325	-9.1137755	-7.38849325	-9.5345875	-9.04985	-7.673964	-9.691807	-9.600355	-8.426647	-9.33088925	-9.4683225	-9.4405105
osa-miR160d_Mature	-4.4536892	-4.1003785	-3.0271754	-4.71479435	-5.2251655	-3.94829415	-5.08997225	-4.58357725	-4.8155325	-5.2582457	-5.53321485	-5.03093375
osa-miR395h_Mature	-8.509222	-8.6350875	-7.2200187	-8.9338955	-8.986517	-7.63500215	-7.7444553	-7.56596915	-8.4558845	-7.17934665	-6.6585369	-9.4348805
osa-miR160b_Mature	-4.2433935	-3.957773	-2.96342975	-4.9139812	-5.0393375	-3.9231155	-4.8566125	-4.4093413	-4.67595325	-4.9358045	-5.3146588	-4.88779165
osa-miR319b_Mature	-8.8319145	-6.8846505	-7.6083329	-8.599364	-8.7668325	-7.7882365	-8.025312	-7.27084125	-8.583928	-6.94599885	-7.11406165	-9.024353
osa-miR156h_Mature	-8.0645377	-8.646682	-7.5596161	-7.78941345	-9.229834	-7.7615402	-7.66800215	-7.14922045	-8.225612	-6.31941915	-6.1139623	-9.46975325
osa-miR169k_Mature	-7.5354943	-6.26920085	-7.16188635	-8.338338	-8.737041	-7.682201	-8.9858095	-8.1434285	-8.473624	-8.405079	-8.2964462	-9.44135825
osa-miR399k_Mature	-7.040417	-7.92004395	-4.84776965	-8.173157	-8.33669045	-4.55959555	-6.8038065	-7.13756395	-7.3935659	-6.39274875	-6.614292	-7.8515545
osa-miR395c_Mature	-8.7535955	-9.244067	-7.4759264	-9.631375	-9.16901225	-7.6984027	-9.612887	-8.634846	-8.542193	-8.92734225	-7.4741528	-9.5114405
osa-miR395j_Mature	-8.125388	-8.304045	-6.62761085	-9.086804	-9.338135	-7.27951885	-8.01948265	-7.9030592	-7.5171537	-7.30538965	-6.960765	-9.62821675
osa-miR399i_Mature	-6.16579825	-5.8847518	-5.10062615	-6.7137444	-6.781926	-5.7663684	-6.0539455	-4.98887565	-5.6617367	-5.29232585	-5.6040647	-5.79084515
osa-miR166l_Mature	-8.7438845	-9.2345435	-7.49071465	-9.096232	-9.151373	-7.7102133	-8.687389	-9.4913295	-8.499831	-8.134851	-7.75728035	-8.327477
osa-miR156i_Mature	-8.2854545	-8.36229775	-7.3539411	-8.916394	-9.0392945	-7.6194191	-8.0216885	-6.7739105	-8.398626	-6.086088	-6.3714065	-9.4038
osa-miR164f_Mature	-8.1003076	-8.170096	-5.43790675	-9.699021	-8.901411	-7.67226215	-8.764515	-7.4220235	-8.5312105	-6.91730955	-6.5960915	-9.513624
osa-miR171f_Mature	-8.872525	-9.3503835	-7.59976005	-9.57809925	-9.268117	-7.790574	-9.390683	-9.902257	-8.5705905	-9.58413375	-10.2041105	-9.5635415
osa-miR395b_Mature	-8.045241	-8.252367	-7.5071453	-8.9065295	-9.18163175	-7.76120785	-8.9648075	-8.19272875	-7.511165	-7.0981455	-6.68629865	-9.5832665
osa-miR167g_Mature	-8.747552	-7.38148615	-7.50156905	-9.6077865	-9.145946	-7.7112846	-9.766577	-9.76744	-8.3660195	-9.471267	-8.73049775	-9.3523115
osa-miR167d_Mature	-8.1339007	-9.39778	-7.6104056	-9.1365	-9.3239285	-7.8120258	-9.8555425	-9.9427895	-7.703138	-9.6155385	-9.8501815	-9.592654
osa-miR395f_Mature	-8.0807355	-8.582671	-6.3657891	-9.093764	-9.0703355	-7.09968825	-8.16119225	-7.7516475	-7.714272	-7.49894285	-7.088536	-8.296144
osa-miR156b_Mature	-8.00106785	-8.6729865	-7.464262	-9.19082	-9.157542	-7.71674975	-8.15686765	-7.154129	-8.14295975	-6.267963	-6.2808955	-9.5414095
osa-miR397a_Mature	-8.7217755	-8.3115952	-7.59443185	-9.7292895	-9.2444455	-7.7930863	-9.85288575	-9.90437875	-8.6077645	-9.5671765	-10.192314	-9.565835
osa-miR156g_Mature	-7.8490682	-8.381045	-7.4607029	-7.797963	-9.1369485	-7.67913435	-8.0718985	-6.8998065	-8.53988975	-6.1993668	-6.1825581	-9.50511825
osa-miR172b_Mature	-8.6837605	-6.8357305	-7.531215	-6.46189565	-9.1589205	-7.7417495	-9.4876265	-9.814265	-8.5438265	-9.4994405	-9.6742155	-9.519063
osa-miR159d_Mature	-8.83763	-9.311159	-7.53974245	-9.68201	-9.2300845	-7.75189615	-9.816256	-9.832549	-8.5145345	-9.5361445	-10.095713	-9.33119
osa-miR169e_Mature	-6.9305495	-6.4091273	-7.36221835	-8.757486	-8.665921	-7.77287735	-8.7318395	-7.9067047	-8.587888	-7.5059178	-7.5588797	-9.5672555
osa-miR159b_Mature	-8.733241	-9.1559115	-7.4782623	-9.5813315	-9.109024	-7.7356867	-9.7795855	-9.7003175	-8.373081	-9.1826115	-7.85501035	-9.3719385
osa-miR395d_Mature	-8.440514	-8.6556785	-7.45384235	-8.000885	-9.1266	-7.7345993	-8.62536685	-8.624014	-8.4178895	-7.3114655	-6.65739085	-8.8262045
osa-miR169b_Mature	-7.1794004	-6.8627192	-7.582279	-8.901751	-8.00202655	-7.77817485	-9.2890115	-8.706251	-8.589713	-8.45181	-7.97677115	-9.554871
osa-miR156a_Mature	-7.3676565	-8.597217	-7.44441655	-8.45241	-9.030124	-7.66878675	-8.280347	-7.0162787	-8.452473	-6.0594063	-6.174225	-9.3856545
osa-miR169j_Mature	-6.0390205	-6.19568865	-6.9777845	-7.36979375	-7.71107195	-7.74722975	-8.20749	-8.249816	-8.388748	-7.8150495	-8.2610685	-9.392021
osa-miR164d_Mature	-8.8363325	-9.3518835	-7.5853313	-9.7164785	-9.275536	-7.7826647	-8.82310335	-8.7069895	-8.591051	-7.97534	-8.394561	-9.5595725
osa-miR156f_Mature	-8.90376975	-8.48933575	-7.6013832	-8.8953875	-9.3142915	-6.85401585	-7.81182835	-6.76411465	-8.6041385	-6.31935835	-6.50551105	-9.5661835
osa-miR171c_Mature	-8.0417433	-9.1485185	-5.809776	-9.0946935	-9.07290975	-7.668557	-9.750667	-9.659883	-6.6319427	-9.3754245	-10.003961	-8.9694545
osa-miR169m_Mature	-6.6054925	-6.5351323	-7.5346475	-8.237197	-8.08434815	-7.72782995	-9.805171	-8.5548555	-8.457228	-8.4167665	-8.2853345	-9.463972
osa-miR395p_Mature	-8.3345305	-9.205579	-7.54385815	-8.9322025	-9.21491	-7.75088095	-8.3519235	-7.66998735	-8.4897845	-6.8586433	-6.9655507	-9.401725
osa-miR159c_Mature	-8.7669595	-9.238565	-7.42101665	-9.649524	-9.16290725	-7.73006225	-9.769408	-9.762583	-8.4078855	-9.48307125	-8.832167	-9.3889695
osa-miR171a_Mature	-5.9303857	-8.07503085	-6.210412	-7.7728385	-9.1451815	-7.044888	-7.437807	-8.32986375	-7.956403	-8.573131	-8.1719365	-8.41026585
osa-miR399c_Mature	-8.39612725	-8.8449945	-7.393914	-8.7828945	-8.969765	-7.64766285	-7.94965125	-7.2890378	-8.407994	-6.5285572	-6.67018585	-9.0439135
osa-miR171g_Mature	-8.25510715	-9.34515	-7.5843985	-9.379212	-9.264006	-6.8521047	-9.19679525	-8.191525	-8.486335	-8.1866307	-7.3052001	-9.339366
osa-miR169f_Mature	-8.191221	-8.96628825	-7.42591735	-8.301325	-9.0662845	-7.70439165	-9.732076	-9.027544	-8.4066615	-7.828433	-8.44670375	-9.399444
osa-miR396b_Mature	-8.9926725	-9.476409	-7.68662425	-9.858221	-9.403359	-7.8616262	-9.131559	-10.0148265	-8.681884	-9.68408125	-10.28549	-9.667592
osa-miR171b_Mature	-8.806208	-9.26387675	-7.53620835	-9.636834	-9.178128	-7.75046255	-9.818656	-9.8201135	-8.356108	-9.5089715	-10.1271885	-6.74090575
osa-miR395q_Mature	-8.1093475	-8.6437395	-7.37241535	-9.0237205	-9.020181	-7.5421486	-9.245146	-8.1776895	-8.3701105	-7.54658935	-6.81122035	-8.90065125
osa-miR395l_Mature	-8.06227035	-8.3107675	-7.42357615	-8.6539532	-8.5976465	-7.67669575	-8.326657	-7.89776425	-8.1758785	-6.97948	-6.82985785	-8.811198
osa-miR399a_Mature	-8.23662	-7.447222	-7.00421375	-8.702631	-9.2009495	-7.60407615	-8.2078005	-7.2626347	-8.01195975	-6.58803205	-6.6498528	-9.422651
osa-miR159f_Mature	-8.640721	-9.2105505	-7.467119	-7.2874365	-9.1078315	-7.7263875	-9.768402	-9.7397465	-8.46813525	-9.44421325	-8.556727	-9.437127
osa-miR159e_Mature	-8.6739755	-8.976814	-7.38465905	-9.500658	-9.05396	-7.62584265	-9.716463	-9.65879	-8.4271865	-9.3860095	-9.9984885	-9.407242
osa-miR394_Mature	-7.13885615	-6.523616	-5.7810615	-6.93104795	-7.3638285	-6.6973813	-7.1369922	-7.635487	-8.2938155	-8.219662	-8.0158315	-7.4578625
osa-miR169o_Mature	-8.629733	-9.083282	-7.4021858	-9.4982795	-6.28406075	-7.6346342	-9.4643625	-9.0656795	-8.274482	-8.3733495	-8.931921	-9.249783
osa-miR171e_Mature	-8.5761205	-8.9936135	-7.3185172	-9.4580825	-8.9608115	-7.603955	-9.616472	-9.520916	-8.3187295	-9.252317	-9.9114985	-9.3129135
osa-miR156c_Mature	-7.15598725	-8.3823695	-7.5264502	-8.900098	-9.158683	-7.19856215	-8.1899115	-6.9687885	-8.5676065	-6.3136615	-6.3519785	-9.5348355
osa-miR399b_Mature	-7.52675055	-8.29795565	-7.1897953	-8.584846	-9.107337	-7.75074455	-8.6775165	-7.18520215	-8.46313	-6.5952453	-6.48728415	-9.06202
osa-miR395u_Mature	-7.6326635	-8.5835815	-6.3930422	-8.3666405	-9.047467	-6.979142	-8.551272	-7.7399018	-8.36283275	-6.6896555	-6.5129186	-9.2684775
osa-miR395m_Mature	-8.511517	-9.008892	-7.5613738	-9.5474545	-9.22275875	-6.025105	-8.20222525	-8.534759	-8.6000945	-7.56807885	-7.04886285	-9.5700565
osa-miR395k_Mature	-8.639041	-8.5065113	-6.974026	-9.679169	-9.1952755	-7.81112615	-8.626675	-7.9487453	-8.39924825	-7.21220885	-6.6889645	-9.408322
osa-miR167i_Mature	-8.8379755	-9.3303405	-7.57583635	-9.696845	-9.249098	-7.7762034	-9.8315945	-9.894401	-8.5467115	-9.56771	-10.1777385	-9.5216745
osa-miR169g_Mature	-8.791361	-9.15571675	-7.59253475	-8.27699185	-9.2584695	-7.7868227	-9.4360955	-8.565822	-8.5400205	-8.8648045	-7.0950693	-9.232471
osa-miR169c_Mature	-7.820518	-6.5575572	-7.1534978	-8.679874	-8.5672805	-6.21781685	-9.0356885	-8.454923	-8.44950625	-8.072701	-7.8900942	-9.4008725
osa-miR162a_Mature	-6.9682288	-8.67244575	-7.35837185	-9.4937	-9.04051525	-7.625064	-9.238094	-9.2823605	-8.02435515	-8.5979692	-8.4770355	-9.4700615
osa-miR408_Mature	-3.2032485	-3.5007942	-2.5027692	-4.05247965	-3.8608689	-2.83347485	-3.3346815	-3.63497115	-2.86820315	-3.56702135	-3.69320635	-3.1484652
osa-miR166k_Mature	-8.63384	-7.9659517	-7.4915611	-9.17821	-8.307853	-7.70653765	-8.41355675	-8.8086605	-8.422671	-8.466324	-7.57989695	-7.76093665
osa-miR164e_Mature	-7.110725	-7.2970308	-7.14548205	-7.8795945	-9.011559	-7.17768325	-7.6691989	-6.601639	-8.4625475	-5.8933218	-5.85285835	-9.4616925
osa-miR169a_Mature	-8.953929	-9.4132545	-7.6446404	-9.811155	-9.3476325	-7.86349825	-9.426905	-8.4210065	-8.6004515	-7.53155115	-7.7965787	-9.608443
osa-miR172c_Mature	-8.880134	-9.3154375	-7.570963	-9.699417	-9.236172	-7.7758655	-9.8491495	-9.83002	-7.704461	-9.5421995	-10.162893	-9.434805
osa-miR162b_Mature	-8.216868	-8.4997535	-7.5085516	-8.172355	-8.9196005	-7.5817958	-9.2969355	-9.2141025	-8.413276	-9.278201	-8.948175	-9.2097825
osa-miR164b_Mature	-8.337029	-8.8447385	-7.31936835	-9.3997445	-8.89504775	-7.581595	-8.4065835	-7.2451995	-8.402247	-6.68491615	-6.67823935	-9.399184
osa-miR398b_Mature	-5.55961335	-5.0600385	-4.0258243	-5.38094085	-5.1197083	-4.2355605	-5.60876655	-5.23310965	-5.3775935	-5.296913	-5.34164815	-4.9759243
osa-miR530_Mature	-7.6149755	-8.1818055	-7.56611685	-8.2563765	-9.2212265	-7.75912	-8.095793	-7.38501855	-8.56492	-6.29970085	-6.6011286	-9.557525
osa-miR393b_Mature	-8.31183	-9.207457	-7.4901595	-9.586541	-9.12571225	-7.715101	-9.794265	-8.4363605	-8.426541	-8.7272475	-8.204566	-8.7159349
osa-miR159a_Mature	-8.8242905	-9.3501625	-7.59935765	-9.59810625	-9.2762665	-7.785399	-9.8442255	-8.4592608	-8.607666	-9.546234	-7.917509	-9.582424
osa-miR390_Mature	-6.4771154	-8.571071	-6.93109715	-7.1339235	-8.3333108	-7.28443315	-7.6177385	-7.15758335	-8.411021	-6.7670733	-6.327216	-9.3779775
osa-miR395a_Mature	-7.65314225	-8.720456	-6.4993465	-8.4813955	-9.07444175	-7.403956	-7.80311585	-7.0585342	-7.8919115	-6.639148	-6.5628951	-8.271996
osa-miR399f_Mature	-6.04658275	-7.0592378	-4.74965145	-7.58893265	-8.167004	-5.594541	-6.5110623	-6.71144725	-6.50455085	-6.21080875	-6.0420555	-6.5106363
osa-miR395e_Mature	-8.2174865	-8.0324315	-7.19415855	-8.75191	-9.0477815	-7.5943575	-7.8064369	-7.7698052	-8.388426	-7.07063935	-6.77640295	-8.686546
osa-miR398a_Mature	-7.8728393	-4.38813905	-5.7698633	-7.51155015	-5.1935637	-7.72478365	-8.1135295	-6.06452235	-8.504537	-6.6880999	-8.644808	-9.1485425
osa-miR164c_Mature	-7.445308	-8.2776035	-7.3421819	-9.493815	-8.9819195	-7.6489912	-7.9201805	-6.7640829	-8.347191	-5.7727477	-6.0852122	-8.810573
osa-miR156e_Mature	-7.9921433	-8.23704935	-7.57830235	-8.1628785	-7.26558	-7.77642875	-8.3105705	-7.01948565	-8.477952	-6.3319755	-6.35565585	-9.473002
osa-miR166d_Mature	-5.84289815	-5.4092362	-4.8151715	-5.70692965	-5.28638745	-4.1068611	-5.5913947	-5.87706705	-6.2430327	-4.806653	-4.92254075	-4.676437
osa-miR166g_Mature	-4.8355005	-5.27434975	-4.5590744	-5.128588	-5.77413725	-4.82879445	-5.34222	-4.8955	-5.52983535	-4.835012	-4.9776726	-4.7815062
osa-miR396c_Mature	-8.741322	-9.190502	-7.4404365	-9.5486595	-9.1040595	-7.66265585	-9.75962275	-9.71493475	-8.440497	-9.4394845	-10.0654835	-9.446973
osa-miR167c_Mature	-8.4325375	-9.195364	-7.48513835	-9.573532	-9.1017855	-7.698835	-9.040299	-9.7520895	-8.393738	-9.455797	-10.0807425	-9.376586
osa-miR168a_Mature	-5.97869205	-4.7651645	-3.7961586	-6.1778842	-4.46664715	-3.55769705	-3.4127007	-4.1595975	-3.90364005	-2.3789034	-2.8613873	-2.24488875
osa-miR399h_Mature	-6.83114	-6.9642728	-4.3015385	-7.44334935	-8.2750215	-5.20366045	-6.864294	-6.27212665	-6.092572	-6.0995276	-5.9575627	-6.37555275
osa-miR167h_Mature	-8.8431335	-9.2867595	-7.53453	-8.6118395	-8.817219	-7.78603005	-9.829504	-9.793509	-8.477626	-9.507003	-9.8604025	-9.4852445
osa-miR395t_Mature	-8.7218695	-9.158244	-7.0110697	-9.59434275	-9.112946	-7.7563095	-9.7643575	-8.48934625	-8.3107305	-8.188853	-7.226358	-7.249124
osa-miR396a_Mature	-8.896111	-9.37353875	-7.6100221	-9.76055775	-9.3080295	-7.8382875	-9.849046	-9.900323	-8.564796	-9.5907455	-10.2119605	-9.5655985
osa-miR171i_Mature	-8.276689	-9.368853	-7.60751615	-9.6691	-7.9615478	-7.7927278	-9.8696985	-9.903446	-8.531596	-9.5938275	-10.0430205	-9.5395775
osa-miR169i_Mature	-6.82542655	-6.46376615	-7.24476875	-8.454408	-8.2333045	-7.72620675	-9.245308	-8.4739305	-8.431593	-8.470657	-8.596442	-9.300671
osa-miR164a_Mature	-8.8514495	-6.060188	-7.5679047	-9.698059	-9.25200075	-7.7642615	-8.5422615	-7.8273723	-8.5696545	-6.806552	-7.559504	-9.5672245
osa-miR399e_Mature	-7.23762175	-6.920689	-4.6258322	-7.2547843	-8.150866	-4.809085	-6.91107275	-6.6960985	-6.90091345	-6.0127588	-6.1512201	-6.45770535
osa-miR395v_Mature	-8.6095115	-9.2527775	-7.53231725	-7.114475	-9.149356	-7.73410985	-9.450251	-9.8187405	-8.58315625	-9.385494	-8.8062675	-9.53834525
osa-miR167j_Mature	-7.9530042	-9.221362	-7.50326215	-8.8823075	-9.148119	-7.7741097	-9.7795735	-9.739133	-8.434855	-9.461171	-8.9725275	-9.435783
osa-miR437_Mature	-8.649406	-9.1129985	-7.33879625	-9.4794395	-9.03676275	-7.58240365	-9.6741395	-8.6969935	-8.467788	-7.8139823	-7.558616	-9.452861
osa-miR169h_Mature	-7.4279127	-6.779419	-7.4539447	-8.321458	-8.6104855	-7.78647775	-9.3048975	-8.6132695	-8.48680875	-8.3476755	-8.179027	-5.3812587
osa-miR169n_Mature	-8.06658075	-9.2792605	-7.0515115	-8.71360875	-9.1964185	-7.73379625	-9.82206675	-9.414661	-8.5722035	-8.897555	-8.50251	-9.555325
osa-miR399d_Mature	-5.3140165	-3.98962115	-3.5790441	-5.9910984	-6.22794845	-4.1861185	-6.6438265	-5.89783195	-7.25907865	-5.8501006	-5.8981576	-6.6515019
osa-miR399g_Mature	-6.940833	-7.1519863	-4.7556815	-7.44511665	-8.739891	-5.95601825	-7.3259502	-6.5476415	-5.8854604	-6.01121475	-6.04747295	-6.5256235
osa-miR172d_Mature	-8.7455355	-8.0107232	-7.45514665	-9.025114	-9.157527	-7.6805725	-9.7446375	-9.7387085	-6.9815672	-9.4499955	-10.0180655	-9.5160515
osa-miR160f_Mature	-5.43287035	-5.6508956	-4.59498335	-5.25929715	-5.8027921	-4.9123568	-6.253086	-5.37137745	-5.57470895	-5.89221045	-6.34262385	-5.7412965
osa-miR166c_Mature	-5.43275985	-5.396631	-4.56458995	-5.48899935	-5.17534635	-4.16893865	-5.42785885	-5.72312815	-5.7354672	-4.7917361	-4.8877197	-4.6894628
osa-miR528_Mature	-6.6755058	-7.265961	-6.9690683	-7.24449315	-9.233262	-6.64538045	-6.4944527	-5.98859	-7.8524725	-5.1070935	-4.69159985	-8.66880825
osa-miR172a_Mature	-8.48423685	-9.33202	-7.5512137	-8.6325165	-9.269617	-7.7778294	-9.806558	-9.8580115	-5.5906616	-9.5573155	-10.176928	-9.608018
osa-miR156d_Mature	-6.9790308	-7.90450515	-6.8275902	-7.58989485	-8.6325615	-6.7972076	-8.0641505	-7.0491797	-8.618774	-6.1715775	-6.22678305	-9.325813
osa-miR395i_Mature	-8.28417	-9.364165	-7.6207775	-9.770322	-9.27328	-7.0614188	-8.7205485	-7.7025272	-8.639155	-7.62157975	-6.88929365	-9.1798805
osa-miR166e_Mature	-6.6133695	-6.7698418	-5.40309925	-5.98815815	-5.5132822	-4.4140589	-6.51235295	-6.8931435	-7.3679325	-5.63331325	-5.7130405	-5.51256
osa-miR166a_Mature	-5.36436315	-5.5414345	-4.6595055	-5.37600985	-4.752725	-4.116902	-5.54398135	-5.92920495	-6.02884745	-4.76712705	-4.9293735	-4.6164446
osa-miR319a_Mature	-7.81123215	-8.960514	-7.57470875	-9.40161525	-9.171407	-7.4722625	-8.03500125	-7.97790275	-8.526283	-7.34583165	-7.11548495	-9.4469375
