LOC_Os01g01720	22	[383267, 383288] 
LOC_Os01g03620	20	[1486458, 1486478] 
LOC_Os01g03640	20	[1500545, 1500565] 
LOC_Os01g05600	21	[2672320, 2672340] 
LOC_Os01g05620	21	[2684381, 2684401] 
LOC_Os01g06620	23	[3123960, 3123982] 
LOC_Os01g06740	20	[3189154, 3189173] 
LOC_Os01g09200	21	[4622327, 4622347] 
LOC_Os01g12700	20	[7018106, 7018125] 
LOC_Os01g12700	21	[7018105, 7018125] 
LOC_Os01g12820	22	[7095877, 7095898] 
LOC_Os01g13560	21	[7589252, 7589272] 
LOC_Os01g15970	22	[8987025, 8987046] 
LOC_Os01g16180	20	[9165379, 9165398] 
LOC_Os01g18120	21	[10152376, 10152396] 
LOC_Os01g18120	21	[10152379, 10152399] 
LOC_Os01g18850	22	[10656749, 10656770] 
LOC_Os01g19529	21	[11078232, 11078252] 
LOC_Os01g23580	21	[13246163, 13246183] 
LOC_Os01g25810	22	[14616497, 14616518] 
LOC_Os01g25810	22	[14616498, 14616518] 
LOC_Os01g33869	20	[18640842, 18640843] [18641153, 18641170] 
LOC_Os01g34620	21	[19090515, 19090535] 
LOC_Os01g38190	21	[21392300, 21392320] 
LOC_Os01g40150	21	[22649680, 22649700] 
LOC_Os01g41240	21	[23345371, 23345391] 
LOC_Os01g41270	20	[23359489, 23359508] 
LOC_Os01g41610	21	[23557202, 23557222] 
LOC_Os01g41650	21	[23581165, 23581185] 
LOC_Os01g41730	21	[23626979, 23626999] 
LOC_Os01g42294	20	[23976203, 23976222] 
LOC_Os01g42520	20	[24184104, 24184123] 
LOC_Os01g43330	20	[24766700, 24766719] 
LOC_Os01g44330	21	[25440180, 25440200] 
LOC_Os01g44330	21	[25441019, 25441039] 
LOC_Os01g48850	20	[28028789, 28028808] 
LOC_Os01g49154	20	[28247724, 28247743] 
LOC_Os01g51890	22	[29836200, 29836221] 
LOC_Os01g52760	20	[30353629, 30353648] 
LOC_Os01g52864	21	[30405869, 30405889] 
LOC_Os01g53160	20	[30542975, 30542994] 
LOC_Os01g53930	22	[31010021, 31010042] 
LOC_Os01g54100	20	[31111873, 31111892] 
LOC_Os01g55300	20	[31831381, 31831400] 
LOC_Os01g55580	20	[32016781, 32016800] 
LOC_Os01g55590	21	[32030691, 32030711] 
LOC_Os01g56780	20	[32763628, 32763644] [32764410, 32764412] 
LOC_Os01g57630	20	[33322642, 33322661] 
LOC_Os01g57630	22	[33322651, 33322672] 
LOC_Os01g59660	20	[34511622, 34511641] 
LOC_Os01g59660	21	[34511621, 34511641] 
LOC_Os01g59920	20	[34647064, 34647083] 
LOC_Os01g60650	20	[35064530, 35064549] 
LOC_Os01g61430	21	[35518590, 35518610] 
LOC_Os01g62480	21	[36167288, 36167308] 
LOC_Os01g62490	21	[36178870, 36178890] 
LOC_Os01g63050	21	[36529853, 36529873] 
LOC_Os01g63050	22	[36529860, 36529881] 
LOC_Os01g63180	21	[36619390, 36619410] 
LOC_Os01g63200	21	[36635593, 36635613] 
LOC_Os01g63290	21	[36689397, 36689417] 
LOC_Os01g63880	21	[37065724, 37065744] 
LOC_Os01g63880	22	[37065716, 37065737] 
LOC_Os01g64100	21	[37236933, 37236953] 
LOC_Os01g65150	21	[37816725, 37816745] 
LOC_Os01g65720	21	[38156213, 38156233] 
LOC_Os01g65780	21	[38198456, 38198476] 
LOC_Os01g68230	21	[39655028, 39655048] 
LOC_Os01g69830	20	[40334884, 40334903] 
LOC_Os01g69830	20	[40334888, 40334907] 
LOC_Os01g69830	21	[40334887, 40334907] 
LOC_Os01g69940	20	[40443612, 40443631] 
LOC_Os01g70020	20	[40507452, 40507471] 
LOC_Os01g70260	21	[40683720, 40683740] 
LOC_Os01g72370	21	[41973185, 41973205] 
LOC_Os01g72370	22	[41975376, 41975397] 
LOC_Os02g03620	20	[1485055, 1485074] 
LOC_Os02g03750	20	[1570199, 1570218] 
LOC_Os02g04680	20	[2109992, 2110011] 
LOC_Os02g05670	20	[2772167, 2772186] 
LOC_Os02g05720	21	[2814405, 2814425] 
LOC_Os02g06910	20	[3492163, 3492182] 
LOC_Os02g07720	20	[4027615, 4027634] 
LOC_Os02g07780	20	[4077268, 4077287] 
LOC_Os02g08140	20	[4308151, 4308170] 
LOC_Os02g09080	20	[4650613, 4650632] 
LOC_Os02g09990	21	[5194547, 5194567] 
LOC_Os02g10210	21	[5349534, 5349554] 
LOC_Os02g10210	22	[5349541, 5349562] 
LOC_Os02g13020	20	[6903527, 6903546] 
LOC_Os02g13270	20	[7066814, 7066833] 
LOC_Os02g13420	20	[7164935, 7164954] 
LOC_Os02g14290	21	[7845936, 7845956] 
LOC_Os02g14290	22	[7845928, 7845949] 
LOC_Os02g15510	20	[8696458, 8696477] 
LOC_Os02g17500	20	[10081032, 10081051] 
LOC_Os02g18080	21	[10508481, 10508501] 
LOC_Os02g19170	20	[11183069, 11183088] 
LOC_Os02g19970	20	[11753664, 11753683] 
LOC_Os02g22100	21	[13163965, 13163985] 
LOC_Os02g24940	20	[14462141, 14462160] 
LOC_Os02g26470	21	[15543994, 15544014] 
LOC_Os02g27310	21	[16093393, 16093413] 
LOC_Os02g28720	20	[16981509, 16981528] 
LOC_Os02g29140	21	[17258178, 17258198] 
LOC_Os02g32110	24	[18974467, 18974490] 
LOC_Os02g33170	21	[19724717, 19724737] 
LOC_Os02g33170	21	[19724720, 19724740] 
LOC_Os02g34470	21	[20660568, 20660588] 
LOC_Os02g34560	20	[20718516, 20718535] 
LOC_Os02g35039	20	[21038839, 21038858] 
LOC_Os02g35490	21	[21335558, 21335578] 
LOC_Os02g35910	20	[21569696, 21569715] 
LOC_Os02g36030	21	[21664286, 21664306] 
LOC_Os02g36140	20	[21771024, 21771043] 
LOC_Os02g36520	21	[22062484, 22062504] 
LOC_Os02g36924	21	[22300429, 22300449] 
LOC_Os02g36924	21	[22300430, 22300450] 
LOC_Os02g36924	21	[22300435, 22300455] 
LOC_Os02g37360	20	[22572245, 22572264] 
LOC_Os02g37694	22	[22744841, 22744862] 
LOC_Os02g38340	22	[23182012, 23182033] 
LOC_Os02g38480	20	[23271655, 23271674] 
LOC_Os02g42350	21	[25469570, 25469590] 
LOC_Os02g43560	21	[26281002, 26281022] 
LOC_Os02g43560	22	[26281030, 26281051] 
LOC_Os02g43660	21	[26343745, 26343765] 
LOC_Os02g43780	22	[26415388, 26415409] 
LOC_Os02g44360	21	[26842935, 26842955] 
LOC_Os02g44370	20	[26853602, 26853621] 
LOC_Os02g44610	20	[27031298, 27031301] [27031596, 27031611] 
LOC_Os02g44990	21	[27250472, 27250492] 
LOC_Os02g45070	20	[27336438, 27336457] 
LOC_Os02g45070	21	[27336438, 27336458] 
LOC_Os02g46750	20	[28550748, 28550767] 
LOC_Os02g47280	21	[28865708, 28865728] 
LOC_Os02g48194	20	[29509753, 29509772] 
LOC_Os02g48900	21	[29914022, 29914042] 
LOC_Os02g49090	20	[30017427, 30017445] 
LOC_Os02g49240	21	[30099381, 30099401] 
LOC_Os02g49620	21	[30329427, 30329447] 
LOC_Os02g49840	21	[30461190, 30461210] 
LOC_Os02g49840	21	[30461191, 30461211] 
LOC_Os02g49840	21	[30461196, 30461216] 
LOC_Os02g49840	21	[30461217, 30461237] 
LOC_Os02g49980	23	[30533592, 30533614] 
LOC_Os02g50820	23	[31046944, 31046966] 
LOC_Os02g52180	21	[31952037, 31952057] 
LOC_Os02g52900	20	[32349766, 32349785] 
LOC_Os02g52910	20	[32352331, 32352350] 
LOC_Os02g53000	21	[32428112, 32428132] 
LOC_Os02g53200	20	[32567185, 32567203] 
LOC_Os02g53260	20	[32597641, 32597642] [32598100, 32598117] 
LOC_Os02g53260	20	[32600150, 32600169] 
LOC_Os02g53620	20	[32794376, 32794395] 
LOC_Os02g53620	21	[32794376, 32794396] 
LOC_Os02g53690	19	[32841770, 32841789] 
LOC_Os02g53690	21	[32841769, 32841789] 
LOC_Os02g53690	21	[32841770, 32841791] 
LOC_Os02g53690	21	[32841771, 32841791] 
LOC_Os02g54000	21	[33076953, 33076973] 
LOC_Os02g56000	21	[34266034, 34266054] 
LOC_Os02g58214	24	[35636691, 35636714] 
LOC_Os02g58480	21	[35759809, 35759829] 
LOC_Os02g58490	20	[35767799, 35767818] 
LOC_Os03g01090	21	[65324, 65343] 
LOC_Os03g01890	20	[552134, 552143] [552240, 552249] 
LOC_Os03g02240	20	[753332, 753351] 
LOC_Os03g02970	21	[1199854, 1199863] [1199954, 1199965] 
LOC_Os03g03610	21	[1599042, 1599055] [1599379, 1599385] 
LOC_Os03g04220	20	[1938861, 1938880] 
LOC_Os03g04550	21	[2123791, 2123811] 
LOC_Os03g05200	21	[2516792, 2516812] 
LOC_Os03g06400	21	[3198970, 3198990] 
LOC_Os03g07880	20	[4002331, 4002350] 
LOC_Os03g08530	21	[4384333, 4384353] 
LOC_Os03g09230	21	[4821744, 4821764] 
LOC_Os03g10080	19	[5089439, 5089458] 
LOC_Os03g11220	20	[5775253, 5775272] 
LOC_Os03g11760	21	[6155159, 6155179] 
LOC_Os03g11890	20	[6230001, 6230020] 
LOC_Os03g12480	21	[6599039, 6599059] 
LOC_Os03g13460	21	[7278240, 7278260] 
LOC_Os03g14260	20	[7759265, 7759284] 
LOC_Os03g14260	21	[7759265, 7759285] 
LOC_Os03g14880	20	[8106628, 8106647] 
LOC_Os03g15230	20	[8330470, 8330489] 
LOC_Os03g15350	21	[8405832, 8405852] 
LOC_Os03g15350	22	[8405839, 8405860] 
LOC_Os03g16610	20	[9169120, 9169139] 
LOC_Os03g17860	23	[9953915, 9953937] 
LOC_Os03g17920	21	[9986546, 9986566] 
LOC_Os03g18540	20	[10386574, 10386593] 
LOC_Os03g19070	21	[10678738, 10678758] 
LOC_Os03g19480	22	[10955383, 10955383] [10955472, 10955492] 
LOC_Os03g19880	20	[11178515, 11178534] 
LOC_Os03g22670	21	[13090876, 13090896] 
LOC_Os03g22810	20	[13181472, 13181485] [13182567, 13182572] 
LOC_Os03g22810	21	[13181471, 13181485] [13182567, 13182572] 
LOC_Os03g24210	20	[13768703, 13768722] 
LOC_Os03g25945	22	[14856358, 14856379] 
LOC_Os03g27370	21	[15678812, 15678832] 
LOC_Os03g28310	21	[16295873, 16295893] 
LOC_Os03g29340	21	[16696407, 16696427] 
LOC_Os03g29760	20	[16970382, 16970401] 
LOC_Os03g30300	21	[17292553, 17292573] 
LOC_Os03g31290	20	[17827235, 17827254] 
LOC_Os03g31679	23	[18085577, 18085599] 
LOC_Os03g35380	20	[19619349, 19619368] 
LOC_Os03g38210	20	[21213898, 21213917] 
LOC_Os03g38210	21	[21213897, 21213917] 
LOC_Os03g40800	21	[22689345, 22689365] 
LOC_Os03g42280	20	[23527389, 23527408] 
LOC_Os03g43930	20	[24655294, 24655303] [24655391, 24655400] 
LOC_Os03g44200	21	[24840923, 24840943] 
LOC_Os03g44835	21	[25294967, 25294987] 
LOC_Os03g47140	19	[26680866, 26680885] 
LOC_Os03g47140	21	[26680864, 26680884] 
LOC_Os03g47140	21	[26680864, 26680885] 
LOC_Os03g47140	21	[26680866, 26680886] 
LOC_Os03g47149	20	[26688446, 26688465] 
LOC_Os03g47760	21	[27100944, 27100964] 
LOC_Os03g47960	22	[27266258, 27266279] 
LOC_Os03g48010	21	[27300253, 27300273] 
LOC_Os03g48010	22	[27300260, 27300281] 
LOC_Os03g48180	20	[27413844, 27413863] 
LOC_Os03g48320	20	[27519625, 27519644] 
LOC_Os03g48970	20	[27894146, 27894165] 
LOC_Os03g48970	21	[27894145, 27894165] 
LOC_Os03g49126	21	[27986748, 27986768] 
LOC_Os03g49126	22	[27986755, 27986776] 
LOC_Os03g51970	19	[29824015, 29824034] 
LOC_Os03g51970	21	[29824013, 29824033] 
LOC_Os03g51970	21	[29824013, 29824034] 
LOC_Os03g52280	23	[30022920, 30022942] 
LOC_Os03g52320	21	[30045145, 30045165] 
LOC_Os03g52630	21	[30181689, 30181709] 
LOC_Os03g52840	20	[30301765, 30301784] 
LOC_Os03g53580	21	[30725566, 30725586] 
LOC_Os03g53600	22	[30740206, 30740227] 
LOC_Os03g54084	20	[31006902, 31006921] 
LOC_Os03g57190	20	[32615241, 32615260] 
LOC_Os03g57190	20	[32615242, 32615261] 
LOC_Os03g57190	21	[32615241, 32615261] 
LOC_Os03g57900	21	[32982374, 32982394] 
LOC_Os03g58920	21	[33547226, 33547246] 
LOC_Os03g59480	20	[33853976, 33853990] [33854086, 33854089] 
LOC_Os03g60820	20	[34554964, 34554983] 
LOC_Os03g60820	20	[34560527, 34560546] 
LOC_Os03g60820	21	[34554964, 34554984] 
LOC_Os03g62224	22	[35248917, 35248938] 
LOC_Os03g63370	21	[35809997, 35810017] 
LOC_Os03g63370	22	[35809989, 35810010] 
LOC_Os03g63750	20	[35991168, 35991187] 
LOC_Os03g63950	20	[36132165, 36132184] 
LOC_Os04g02110	21	[681746, 681766] 
LOC_Os04g04410	21	[2100019, 2100039] 
LOC_Os04g05560	20	[2809400, 2809419] 
LOC_Os04g07260	21	[3854480, 3854498] [3854762, 3854763] 
LOC_Os04g11060	20	[6012103, 6012122] 
LOC_Os04g13100	20	[7230566, 7230585] 
LOC_Os04g14710	21	[8268783, 8268803] 
LOC_Os04g18010	20	[9890593, 9890612] 
LOC_Os04g20680	21	[11570555, 11570575] 
LOC_Os04g24190	19	[13845263, 13845282] 
LOC_Os04g24190	20	[13845262, 13845281] 
LOC_Os04g24190	20	[13845264, 13845283] 
LOC_Os04g25740	22	[14929099, 14929120] 
LOC_Os04g28420	20	[16814198, 16814217] 
LOC_Os04g30410	22	[18152289, 18152310] 
LOC_Os04g30660	22	[18319387, 18319408] 
LOC_Os04g30690	22	[18341614, 18341635] 
LOC_Os04g31360	21	[18761606, 18761626] 
LOC_Os04g31390	21	[18773384, 18773404] 
LOC_Os04g32460	20	[19455132, 19455151] 
LOC_Os04g33360	20	[20200081, 20200100] 
LOC_Os04g33560	21	[20304611, 20304631] 
LOC_Os04g33860	19	[20509227, 20509246] 
LOC_Os04g33860	20	[20509226, 20509246] 
LOC_Os04g33880	21	[20527594, 20527614] 
LOC_Os04g35560	21	[21663568, 21663588] 
LOC_Os04g36054	21	[22011795, 22011815] 
LOC_Os04g36740	20	[22192184, 22192203] 
LOC_Os04g38780	21	[23046771, 23046791] 
LOC_Os04g38790	20	[23059592, 23059611] 
LOC_Os04g39160	22	[23290500, 23290521] 
LOC_Os04g39430	20	[23467144, 23467163] 
LOC_Os04g39864	20	[23738038, 23738057] 
LOC_Os04g39864	21	[23740654, 23740673] 
LOC_Os04g40530	20	[24074685, 24074704] 
LOC_Os04g41238	20	[24472907, 24472926] 
LOC_Os04g42444	20	[25119359, 25119360] [25120460, 25120477] 
LOC_Os04g43910	20	[26014848, 26014867] 
LOC_Os04g44354	20	[26266042, 26266061] 
LOC_Os04g44730	21	[26502418, 26502438] 
LOC_Os04g46130	21	[27333885, 27333905] 
LOC_Os04g46610	21	[27633269, 27633289] 
LOC_Os04g46860	21	[27765988, 27766008] 
LOC_Os04g47030	21	[27872206, 27872226] 
LOC_Os04g47580	20	[28219386, 28219405] 
LOC_Os04g47590	20	[28233763, 28233782] 
LOC_Os04g47840	20	[28394292, 28394311] 
LOC_Os04g47870	20	[28432885, 28432904] 
LOC_Os04g47870	21	[28432885, 28432905] 
LOC_Os04g48380	21	[28854666, 28854686] 
LOC_Os04g48410	20	[28878477, 28878496] 
LOC_Os04g48510	21	[28922995, 28923015] 
LOC_Os04g50204	20	[29967116, 29967135] 
LOC_Os04g51190	19	[30320185, 30320204] 
LOC_Os04g51190	21	[30320184, 30320204] 
LOC_Os04g51190	21	[30320185, 30320206] 
LOC_Os04g51190	21	[30320186, 30320206] 
LOC_Os04g51400	20	[30440690, 30440709] 
LOC_Os04g51830	21	[30734786, 30734806] 
LOC_Os04g53160	22	[31657857, 31657878] 
LOC_Os04g53220	20	[31700127, 31700146] 
LOC_Os04g53710	21	[32008461, 32008480] 
LOC_Os04g55560	20	[33074505, 33074524] 
LOC_Os04g57154	22	[34059062, 34059083] 
LOC_Os04g58070	21	[34586623, 34586643] 
LOC_Os04g58470	22	[34783751, 34783772] 
LOC_Os04g58504	22	[34795074, 34795095] 
LOC_Os04g58570	20	[34824519, 34824538] 
LOC_Os04g58730	22	[34925876, 34925897] 
LOC_Os04g58910	21	[35041382, 35041402] 
LOC_Os04g59160	21	[35192209, 35192229] 
LOC_Os04g59430	21	[35331014, 35331034] 
LOC_Os05g03040	20	[1156407, 1156426] 
LOC_Os05g03610	22	[1535841, 1535862] 
LOC_Os05g04150	21	[1859843, 1859863] 
LOC_Os05g05290	20	[2605384, 2605403] 
LOC_Os05g05800	20	[2893370, 2893389] 
LOC_Os05g07050	20	[3705222, 3705241] 
LOC_Os05g07090	20	[3730600, 3730619] 
LOC_Os05g07764	20	[4185921, 4185940] 
LOC_Os05g08000	21	[4325901, 4325921] 
LOC_Os05g08410	21	[4588367, 4588378] [4588509, 4588517] 
LOC_Os05g08490	21	[4635704, 4635724] 
LOC_Os05g12260	19	[7036732, 7036751] 
LOC_Os05g12400	24	[7134219, 7134242] 
LOC_Os05g14010	20	[7810289, 7810308] 
LOC_Os05g14170	20	[7933731, 7933750] 
LOC_Os05g18274	20	[10525684, 10525703] 
LOC_Os05g20304	22	[11892592, 11892613] 
LOC_Os05g22600	20	[12830384, 12830403] 
LOC_Os05g22910	20	[13019697, 13019716] 
LOC_Os05g25890	21	[15061607, 15061627] 
LOC_Os05g25960	20	[15090253, 15090272] 
LOC_Os05g25960	21	[15090252, 15090272] 
LOC_Os05g30220	21	[17516094, 17516114] 
LOC_Os05g31530	23	[18342652, 18342674] 
LOC_Os05g32180	21	[18765581, 18765598] [18766059, 18766061] 
LOC_Os05g32620	20	[19104690, 19104709] 
LOC_Os05g34130	20	[20179086, 20179105] 
LOC_Os05g35230	20	[20931666, 20931685] 
LOC_Os05g38390	20	[22502303, 22502322] 
LOC_Os05g38410	21	[22527680, 22527700] 
LOC_Os05g38420	21	[22534543, 22534563] 
LOC_Os05g39490	21	[23175349, 23175369] 
LOC_Os05g39540	22	[23212819, 23212840] 
LOC_Os05g41166	20	[24111675, 24111694] 
LOC_Os05g41166	21	[24111675, 24111695] 
LOC_Os05g43570	21	[25331832, 25331852] 
LOC_Os05g43570	22	[25331823, 25331845] 
LOC_Os05g43660	21	[25387197, 25387217] 
LOC_Os05g45350	21	[26311328, 26311348] 
LOC_Os05g46490	21	[26935827, 26935847] 
LOC_Os05g46490	22	[26935834, 26935855] 
LOC_Os05g47780	22	[27377699, 27377720] 
LOC_Os05g48390	21	[27745296, 27745316] 
LOC_Os05g48390	21	[27745379, 27745399] 
LOC_Os05g48390_1	21	[27745167, 27745187] 
LOC_Os05g48390_2	21	[27745296, 27745316] 
LOC_Os05g48800	20	[27968816, 27968835] 
LOC_Os05g48940	21	[28072759, 28072779] 
LOC_Os05g50570	21	[28997468, 28997488] 
LOC_Os06g01304	20	[187884, 187903] 
LOC_Os06g01620	21	[365756, 365776] 
LOC_Os06g02560	19	[895293, 895312] 
LOC_Os06g02560	21	[895292, 895312] 
LOC_Os06g02560	21	[895293, 895314] 
LOC_Os06g02560	21	[895294, 895314] 
LOC_Os06g03830	20	[1541795, 1541814] 
LOC_Os06g04130	22	[1725433, 1725454] 
LOC_Os06g04270	21	[1808772, 1808793] 
LOC_Os06g04830	21	[2107076, 2107096] 
LOC_Os06g05530	22	[2505753, 2505774] 
LOC_Os06g06050	21	[2783981, 2784001] 
LOC_Os06g06760	21	[3178041, 3178061] 
LOC_Os06g07080	20	[3364670, 3364689] 
LOC_Os06g07914	21	[3848104, 3848124] 
LOC_Os06g08880	22	[4463066, 4463087] 
LOC_Os06g10310	19	[5300642, 5300661] 
LOC_Os06g10310	21	[5300640, 5300660] 
LOC_Os06g10310	21	[5300640, 5300661] 
LOC_Os06g10310	21	[5300642, 5300662] 
LOC_Os06g11310	21	[5930614, 5930635] 
LOC_Os06g11500	21	[6088569, 6088589] 
LOC_Os06g11500	22	[6088561, 6088582] 
LOC_Os06g12455	21	[6754634, 6754654] 
LOC_Os06g16600	20	[9543669, 9543688] 
LOC_Os06g17950	22	[10441839, 10441860] 
LOC_Os06g18820	21	[10686881, 10686901] 
LOC_Os06g18980	20	[10803536, 10803555] 
LOC_Os06g18980	21	[10803538, 10803558] 
LOC_Os06g19470	19	[11087526, 11087545] 
LOC_Os06g23274	21	[13586317, 13586337] 
LOC_Os06g23504	20	[13716087, 13716106] 
LOC_Os06g23650	20	[13805488, 13805507] 
LOC_Os06g23650	21	[13805487, 13805507] 
LOC_Os06g27830	20	[15762141, 15762160] 
LOC_Os06g28840	21	[16441084, 16441104] 
LOC_Os06g29430	20	[16854992, 16855011] 
LOC_Os06g34160	21	[19897685, 19897703] [19898286, 19898287] 
LOC_Os06g35590	21	[20767851, 20767871] 
LOC_Os06g36960	20	[21775788, 21775807] 
LOC_Os06g37150	21	[21954939, 21954959] 
LOC_Os06g37570	20	[22254962, 22254981] 
LOC_Os06g38210	21	[22614264, 22614284] 
LOC_Os06g38210	21	[22616233, 22616253] 
LOC_Os06g38210	22	[22614271, 22614292] 
LOC_Os06g39330	21	[23333392, 23333412] 
LOC_Os06g39330	22	[23333384, 23333405] 
LOC_Os06g39520	20	[23470186, 23470205] 
LOC_Os06g40330	20	[24006137, 24006156] 
LOC_Os06g40330	21	[24006137, 24006157] 
LOC_Os06g40450	20	[24094007, 24094026] 
LOC_Os06g42410	21	[25490270, 25490290] 
LOC_Os06g43550	21	[26183484, 26183504] 
LOC_Os06g43640	21	[26255551, 26255571] 
LOC_Os06g43910	20	[26452706, 26452725] 
LOC_Os06g44230	20	[26689562, 26689581] 
LOC_Os06g44750	20	[27029237, 27029256] 
LOC_Os06g45310	20	[27388145, 27388164] 
LOC_Os06g45890	20	[27780708, 27780727] 
LOC_Os06g46270	20	[28041394, 28041413] 
LOC_Os06g46270	21	[28041393, 28041413] 
LOC_Os06g46410	20	[28159118, 28159137] 
LOC_Os06g46410	21	[28159673, 28159693] 
LOC_Os06g46670	21	[28351218, 28351238] 
LOC_Os06g47850	21	[28958689, 28958709] 
LOC_Os06g48060	22	[29072363, 29072384] 
LOC_Os06g48510	20	[29352118, 29352137] 
LOC_Os06g48665	24	[29443737, 29443760] 
LOC_Os06g49010	21	[29707954, 29707974] 
LOC_Os06g49840	20	[30173846, 30173865] 
LOC_Os06g49840	21	[30176929, 30176949] 
LOC_Os06g50070	21	[30338361, 30338381] 
LOC_Os06g50146	21	[30370156, 30370176] 
LOC_Os06g51310	20	[31071200, 31071219] 
LOC_Os07g01020	20	[11778, 11797] 
LOC_Os07g01710	20	[428198, 428217] 
LOC_Os07g03110	21	[1183628, 1183648] 
LOC_Os07g04500	21	[1985497, 1985517] 
LOC_Os07g05145	22	[2276404, 2276425] 
LOC_Os07g05720	20	[2752542, 2752561] 
LOC_Os07g05720	20	[2752543, 2752562] 
LOC_Os07g05720	21	[2752542, 2752562] 
LOC_Os07g07910	20	[3973867, 3973886] 
LOC_Os07g09310	22	[4882342, 4882363] 
LOC_Os07g09675	21	[5134168, 5134188] 
LOC_Os07g09690	21	[5152087, 5152107] 
LOC_Os07g13020	20	[7470369, 7470379] [7471412, 7471420] 
LOC_Os07g13170	20	[7549317, 7549336] 
LOC_Os07g16600	20	[9740156, 9740175] 
LOC_Os07g17250	20	[10176785, 10176804] 
LOC_Os07g17250	21	[10176787, 10176807] 
LOC_Os07g25484	20	[14600765, 14600784] 
LOC_Os07g26690	20	[15409733, 15409752] 
LOC_Os07g28260	20	[16518129, 16518148] 
LOC_Os07g29224	21	[17128766, 17128786] 
LOC_Os07g29820	21	[17530464, 17530484] 
LOC_Os07g30250	21	[17881166, 17881186] 
LOC_Os07g30970	21	[18335108, 18335128] 
LOC_Os07g31960	20	[19007740, 19007759] 
LOC_Os07g32170	20	[19100447, 19100466] 
LOC_Os07g33630	21	[20089111, 20089131] 
LOC_Os07g33790	20	[20225479, 20225498] 
LOC_Os07g33790	21	[20225478, 20225498] 
LOC_Os07g35290	21	[21124412, 21124432] 
LOC_Os07g36080	20	[21575571, 21575589] 
LOC_Os07g37130	20	[22246459, 22246478] 
LOC_Os07g37560	22	[22492276, 22492297] 
LOC_Os07g38290	21	[22997214, 22997233] 
LOC_Os07g39290	21	[23525146, 23525166] 
LOC_Os07g39470	21	[23653194, 23653214] 
LOC_Os07g40450	21	[24243266, 24243286] 
LOC_Os07g40450	22	[24243258, 24243279] 
LOC_Os07g41720	20	[24996966, 24996985] 
LOC_Os07g42250	21	[25289759, 25289779] 
LOC_Os07g42626	21	[25523164, 25523184] 
LOC_Os07g43990	24	[26298348, 26298371] 
LOC_Os07g45950	24	[27421679, 27421702] 
LOC_Os07g46320	20	[27629613, 27629632] 
LOC_Os07g46730	23	[27932516, 27932538] 
LOC_Os07g47100	23	[28164577, 28164599] 
LOC_Os07g47580	21	[28448642, 28448662] 
LOC_Os07g48130	20	[28741604, 28741623] 
LOC_Os07g48370	22	[28914050, 28914071] 
LOC_Os07g49140	20	[29435160, 29435179] 
LOC_Os07g49140	21	[29435162, 29435182] 
LOC_Os07g49320	20	[29538531, 29538550] 
LOC_Os07g49480	20	[29634195, 29634214] 
LOC_Os08g01710	21	[436996, 437016] 
LOC_Os08g02300	20	[858586, 858605] 
LOC_Os08g02996	20	[1311497, 1311516] 
LOC_Os08g03020	20	[1341644, 1341663] 
LOC_Os08g03040	20	[1365435, 1365454] 
LOC_Os08g03150	20	[1448845, 1448864] 
LOC_Os08g03160	20	[1454706, 1454725] 
LOC_Os08g03579	21	[1675448, 1675468] 
LOC_Os08g04300	21	[2111787, 2111807] 
LOC_Os08g04310	21	[2115929, 2115949] 
LOC_Os08g04920	21	[2507650, 2507651] [2508411, 2508429] 
LOC_Os08g04920	21	[2508409, 2508429] 
LOC_Os08g05310	21	[2784373, 2784393] 
LOC_Os08g06415	20	[3594203, 3594222] 
LOC_Os08g07830	20	[4385869, 4385888] 
LOC_Os08g10800	20	[6359063, 6359072] [6359139, 6359148] 
LOC_Os08g14940	20	[9004376, 9004395] 
LOC_Os08g16070	21	[9795870, 9795890] 
LOC_Os08g16460	20	[10077661, 10077680] 
LOC_Os08g19114	21	[11408376, 11408396] 
LOC_Os08g27040	20	[16521988, 16522007] 
LOC_Os08g29200	20	[17906365, 17906383] 
LOC_Os08g29760	22	[18299107, 18299128] 
LOC_Os08g30790	21	[19015975, 19015995] 
LOC_Os08g33076	20	[20554257, 20554258] [20554682, 20554699] 
LOC_Os08g33479	21	[20886013, 20886033] 
LOC_Os08g33488	21	[20899268, 20899288] 
LOC_Os08g33488	21	[20899273, 20899293] 
LOC_Os08g33488	21	[20899274, 20899294] 
LOC_Os08g34740	20	[21837104, 21837123] 
LOC_Os08g34820	20	[21907775, 21907794] 
LOC_Os08g36050	21	[22718504, 22718524] 
LOC_Os08g36050	21	[22718507, 22718527] 
LOC_Os08g36840	21	[23281127, 23281147] 
LOC_Os08g36910	20	[23343510, 23343529] 
LOC_Os08g37380	20	[23625595, 23625609] [23625735, 23625739] 
LOC_Os08g37610	20	[23844444, 23844462] 
LOC_Os08g37670	21	[23858959, 23858979] 
LOC_Os08g37700	20	[23871324, 23871343] 
LOC_Os08g37700	22	[23871316, 23871337] 
LOC_Os08g39890	20	[25275154, 25275173] 
LOC_Os08g39890	21	[25275154, 25275174] 
LOC_Os08g39890	21	[25275158, 25275178] 
LOC_Os08g40440	20	[25591245, 25591264] 
LOC_Os08g41080	22	[25971387, 25971408] 
LOC_Os08g41660	21	[26304148, 26304168] 
LOC_Os08g41940	20	[26505560, 26505579] 
LOC_Os08g41940	20	[26505564, 26505583] 
LOC_Os08g41940	21	[26505563, 26505583] 
LOC_Os08g42700	21	[26991676, 26991696] 
LOC_Os08g43170	22	[27306707, 27306729] 
LOC_Os08g43570	21	[27565078, 27565098] 
LOC_Os08g44210	21	[27834116, 27834136] 
LOC_Os08g44450	20	[27965481, 27965500] 
LOC_Os08g44450	21	[27965483, 27965503] 
LOC_Os08g44770	21	[28132635, 28132655] 
LOC_Os08g45210	20	[28390676, 28390695] 
LOC_Os09g02214	21	[890143, 890163] 
LOC_Os09g03670	20	[1845906, 1845925] 
LOC_Os09g07300	21	[3593075, 3593095] 
LOC_Os09g07320	21	[3622803, 3622823] 
LOC_Os09g07320	22	[3622810, 3622831] 
LOC_Os09g08440	20	[4407549, 4407568] 
LOC_Os09g10710	21	[5837577, 5837597] 
LOC_Os09g10710	22	[5837569, 5837590] 
LOC_Os09g11020	20	[6119526, 6119545] 
LOC_Os09g12230	21	[6950951, 6950971] 
LOC_Os09g12860	20	[7400613, 7400632] 
LOC_Os09g15639	20	[9546299, 9546318] 
LOC_Os09g17344	21	[10621996, 10622016] 
LOC_Os09g17344	21	[10622270, 10622290] 
LOC_Os09g17630	22	[10788929, 10788950] 
LOC_Os09g21210	21	[12802596, 12802616] 
LOC_Os09g21620	20	[13089205, 13089224] 
LOC_Os09g22505	21	[13576830, 13576850] 
LOC_Os09g24200	21	[14365287, 14365307] 
LOC_Os09g25520	20	[15307942, 15307961] 
LOC_Os09g25900	21	[15546877, 15546896] 
LOC_Os09g25960	22	[15590363, 15590385] 
LOC_Os09g25990	22	[15613342, 15613364] 
LOC_Os09g26000	22	[15622947, 15622969] 
LOC_Os09g27140	20	[16505371, 16505391] 
LOC_Os09g29370	21	[17833439, 17833459] 
LOC_Os09g31438	20	[18918909, 18918928] 
LOC_Os09g31438	20	[18918913, 18918932] 
LOC_Os09g31438	21	[18918909, 18918929] 
LOC_Os09g31506	21	[19015805, 19015825] 
LOC_Os09g31514	21	[19021428, 19021448] 
LOC_Os09g32660	21	[19478978, 19478998] 
LOC_Os09g32944	20	[19647844, 19647863] 
LOC_Os09g32944	20	[19647848, 19647867] 
LOC_Os09g32944	21	[19647847, 19647867] 
LOC_Os09g33670	20	[19882117, 19882136] 
LOC_Os09g33800	21	[19956093, 19956113] 
LOC_Os09g33930	21	[20027132, 20027152] 
LOC_Os09g34250	21	[20224015, 20224035] 
LOC_Os09g34900	20	[20339728, 20339745] [20339871, 20339872] 
LOC_Os09g34985	20	[20379464, 20379483] 
LOC_Os09g36320	21	[20962246, 20962266] 
LOC_Os09g36320	22	[20962238, 20962259] 
LOC_Os09g37020	21	[21354916, 21354936] 
LOC_Os09g37020	22	[21354908, 21354929] 
LOC_Os09g37040	20	[21370167, 21370186] 
LOC_Os09g37240	22	[21509070, 21509091] 
LOC_Os09g37710	20	[21740588, 21740607] 
LOC_Os09g37710	21	[21740590, 21740610] 
LOC_Os09g37890	20	[21848166, 21848185] 
LOC_Os09g39870	20	[22855421, 22855440] 
LOC_Os09g39960	21	[22911524, 22911544] 
LOC_Os10g05069	21	[2479753, 2479773] 
LOC_Os10g07340	20	[3869174, 3869193] 
LOC_Os10g13694	21	[7437311, 7437331] 
LOC_Os10g20560	20	[10360124, 10360143] 
LOC_Os10g20990	21	[10626490, 10626510] 
LOC_Os10g21470	20	[10992205, 10992224] 
LOC_Os10g24094	20	[12341187, 12341206] 
LOC_Os10g25100	20	[12938829, 12938848] 
LOC_Os10g26730	21	[13957209, 13957229] 
LOC_Os10g26820	22	[14075144, 14075165] 
LOC_Os10g27274	22	[14395657, 14395678] 
LOC_Os10g28690	21	[14974728, 14974748] 
LOC_Os10g29450	20	[15301165, 15301184] 
LOC_Os10g33840	20	[17961444, 17961463] 
LOC_Os10g33940	20	[18055768, 18055787] 
LOC_Os10g33960	20	[18087381, 18087390] [18087482, 18087491] 
LOC_Os10g36740	21	[19673382, 19673402] 
LOC_Os10g37070	20	[19848730, 19848749] 
LOC_Os10g37240	20	[19930589, 19930608] 
LOC_Os10g37590	20	[20113550, 20113569] 
LOC_Os10g38110	21	[20416321, 20416341] 
LOC_Os10g39090	20	[20838809, 20838828] 
LOC_Os10g39520	21	[21109707, 21109727] 
LOC_Os10g40100	21	[21469308, 21469328] 
LOC_Os10g40920	21	[21986038, 21986058] 
LOC_Os10g41560	20	[22339445, 22339464] 
LOC_Os10g42100	22	[22645168, 22645189] 
LOC_Os11g04200	20	[1711745, 1711763] 
LOC_Os11g07912	21	[4090710, 4090730] 
LOC_Os11g08670	20	[4631170, 4631189] 
LOC_Os11g10610	20	[5826473, 5826492] 
LOC_Os11g11810	21	[6561522, 6561542] 
LOC_Os11g11940	21	[6628775, 6628795] 
LOC_Os11g12040	21	[6692929, 6692949] 
LOC_Os11g13390	21	[7331839, 7331859] 
LOC_Os11g14390	20	[8082877, 8082896] 
LOC_Os11g14390	21	[8082874, 8082894] 
LOC_Os11g14570	21	[8200367, 8200387] 
LOC_Os11g20689	21	[11986988, 11987008] 
LOC_Os11g24640	20	[14055710, 14055729] 
LOC_Os11g28950	22	[16753929, 16753950] 
LOC_Os11g29520	22	[17131218, 17131239] 
LOC_Os11g30370	20	[17631825, 17631844] 
LOC_Os11g30370	21	[17631825, 17631845] 
LOC_Os11g30620	21	[17829457, 17829477] 
LOC_Os11g31450	21	[18372890, 18372910] 
LOC_Os11g32280	20	[19076600, 19076619] 
LOC_Os11g33394	20	[19762876, 19762895] 
LOC_Os11g35030	19	[20523894, 20523913] 
LOC_Os11g35030	20	[20523893, 20523912] 
LOC_Os11g35350	20	[20723877, 20723896] 
LOC_Os11g35400	20	[20744794, 20744809] [20745007, 20745010] 
LOC_Os11g38140	20	[22616456, 22616475] 
LOC_Os11g40160	22	[23948641, 23948662] 
LOC_Os11g42090	20	[25345035, 25345054] 
LOC_Os11g42220	20	[25434761, 25434780] 
LOC_Os11g44860	20	[27153252, 27153271] 
LOC_Os11g44960	21	[27223736, 27223756] 
LOC_Os11g45050	21	[27262971, 27262991] 
LOC_Os11g47130	20	[28347789, 28347808] 
LOC_Os11g47160	21	[28373953, 28373973] 
LOC_Os11g47160	22	[28373960, 28373981] 
LOC_Os11g47980	20	[28939263, 28939282] 
LOC_Os11g48060	21	[28974944, 28974964] 
LOC_Os12g01680	21	[412857, 412877] 
LOC_Os12g01955	20	[567533, 567552] 
LOC_Os12g02660	20	[917788, 917807] 
LOC_Os12g04010	20	[1667828, 1667846] 
LOC_Os12g05260	21	[2338273, 2338293] 
LOC_Os12g06200	21	[2939694, 2939714] 
LOC_Os12g06250	21	[2973660, 2973680] 
LOC_Os12g06440	20	[3087621, 3087640] 
LOC_Os12g06480	20	[3120789, 3120808] 
LOC_Os12g07110	21	[3489225, 3489245] 
LOC_Os12g08760	21	[4499817, 4499837] 
LOC_Os12g12600	20	[6948188, 6948207] 
LOC_Os12g13295	21	[7409400, 7409420] 
LOC_Os12g14840	21	[8495074, 8495094] 
LOC_Os12g15680	21	[8962173, 8962193] 
LOC_Os12g16290	21	[9316821, 9316841] 
LOC_Os12g16290	22	[9316813, 9316834] 
LOC_Os12g16350	21	[9362919, 9362939] 
LOC_Os12g16350	22	[9362926, 9362947] 
LOC_Os12g16350	24	[9352080, 9352103] 
LOC_Os12g17950	20	[10320428, 10320447] 
LOC_Os12g17950	21	[10320425, 10320445] 
LOC_Os12g18080	21	[10394273, 10394293] 
LOC_Os12g21784	21	[12261624, 12261644] 
LOC_Os12g21860	21	[12309993, 12310005] [12310922, 12310929] 
LOC_Os12g22110	20	[12436405, 12436424] 
LOC_Os12g24410	20	[13928949, 13928968] 
LOC_Os12g24550	20	[14030837, 14030856] 
LOC_Os12g25950	21	[15067397, 15067417] 
LOC_Os12g29980	19	[17917704, 17917723] 
LOC_Os12g29980	21	[17917702, 17917722] 
LOC_Os12g29980	21	[17917702, 17917723] 
LOC_Os12g31540	20	[18970268, 18970287] 
LOC_Os12g31860	21	[19180893, 19180913] 
LOC_Os12g34400	20	[20850153, 20850172] 
LOC_Os12g35480	20	[21576335, 21576354] 
LOC_Os12g37290	21	[22882599, 22882619] 
LOC_Os12g38051	21	[23383068, 23383088] 
LOC_Os12g38110	20	[23407588, 23407607] 
LOC_Os12g38260	22	[23496523, 23496544] 
LOC_Os12g39420	23	[24246616, 24246638] 
LOC_Os12g40560	20	[25098273, 25098292] 
LOC_Os12g41680	20	[25805933, 25805952] 
LOC_Os12g41830	20	[25911733, 25911735] [25912885, 25912901] 
LOC_Os12g41860	20	[25924875, 25924884] [25924987, 25924996] 
LOC_Os12g41956	21	[26019982, 26020002] 
LOC_Os12g42044	21	[26084391, 26084411] 
LOC_Os12g42044	21	[26084394, 26084414] 
LOC_Os12g42400	20	[26347338, 26347357] 
LOC_Os12g42400	21	[26347338, 26347358] 
LOC_Os12g44340	20	[27489583, 27489602] 
LOC_Os12g44350	20	[27493129, 27493148] 
LOC_Os12g44350	21	[27493131, 27493151] 
