[270001, 275000]
[1970001, 1975000]
[2035001, 2040000]
[4600001, 4605000]
[4865001, 4870000]
[5725001, 5730000]
[6825001, 6830000]
[7330001, 7335000]
[8235001, 8240000]
[10070001, 10075000]
[10115001, 10120000]
[10135001, 10140000]
[12080001, 12085000]
[12115001, 12120000]
[12445001, 12450000]
[12670001, 12675000]
[13385001, 13390000]
[13820001, 13825000]
[15160001, 15165000]
[16420001, 16425000]
[16585001, 16590000]
[16850001, 16855000]
[17985001, 17990000]
[18035001, 18040000]
[18110001, 18115000]
[18325001, 18330000]
[19125001, 19130000]
[19315001, 19320000]
[19400001, 19405000]
[19485001, 19490000]
[20545001, 20550000]
[20550001, 20555000]
[21015001, 21025000]
[21165001, 21170000]
[21510001, 21515000]
