chr12
270001	275000
410001	415000
520001	525000
565001	570000
915001	920000
920001	925000
1035001	1040000
1665001	1670000
1970001	1975000
2035001	2040000
2335001	2340000
2935001	2940000
2970001	2975000
3085001	3090000
3120001	3125000
3485001	3490000
3940001	3945000
4495001	4500000
4600001	4605000
4865001	4870000
5030001	5035000
5380001	5385000
5500001	5505000
5505001	5510000
5725001	5730000
6095001	6100000
6180001	6185000
6825001	6830000
6945001	6950000
7330001	7335000
7405001	7410000
8235001	8240000
8490001	8500000
8565001	8570000
8580001	8585000
8800001	8805000
8960001	8965000
9155001	9160000
9315001	9320000
9350001	9355000
9360001	9365000
9585001	9590000
10070001	10075000
10115001	10120000
10135001	10140000
10320001	10325000
10390001	10395000
12080001	12085000
12115001	12120000
12260001	12265000
12305001	12315000
12435001	12440000
12445001	12450000
12485001	12490000
12670001	12675000
12715001	12720000
13035001	13040000
13385001	13390000
13820001	13825000
13915001	13920000
13925001	13930000
14030001	14035000
14795001	14800000
15065001	15070000
15160001	15165000
15320001	15325000
15695001	15700000
16420001	16425000
16585001	16590000
16850001	16855000
17915001	17920000
17985001	17990000
18035001	18040000
18065001	18070000
18110001	18115000
18325001	18330000
18785001	18790000
18970001	18975000
19125001	19130000
19180001	19185000
19315001	19320000
19400001	19405000
19485001	19490000
20545001	20550000
20550001	20555000
20850001	20855000
21015001	21025000
21165001	21170000
21510001	21515000
21575001	21580000
21780001	21785000
21875001	21880000
22880001	22885000
23055001	23060000
23195001	23200000
23380001	23385000
23405001	23410000
23495001	23500000
23545001	23550000
24065001	24070000
24245001	24250000
24265001	24270000
24335001	24340000
24355001	24360000
24370001	24375000
24605001	24610000
25045001	25050000
25095001	25100000
25475001	25480000
25480001	25485000
25660001	25665000
25805001	25810000
25875001	25880000
25910001	25915000
25920001	25925000
25925001	25930000
26015001	26025000
26080001	26085000
26270001	26275000
26345001	26350000
26810001	26815000
26815001	26820000
27485001	27490000
27490001	27495000 


chr11
275001	280000
455001	460000
700001	705000
800001	810000
955001	960000
1285001	1290000
1380001	1385000
1710001	1715000
1820001	1825000
2520001	2530000
2730001	2735000
2790001	2795000
2810001	2815000
3660001	3670000
4090001	4095000
4630001	4635000
5220001	5225000
5225001	5230000
5325001	5330000
5825001	5830000
6080001	6085000
6085001	6090000
6400001	6405000
6535001	6540000
6560001	6565000
6625001	6630000
6690001	6695000
6710001	6715000
6980001	6985000
7275001	7280000
7330001	7335000
7740001	7745000
7805001	7810000
7810001	7815000
7875001	7880000
8080001	8085000
8200001	8205000
8660001	8665000
9160001	9165000
9365001	9370000
9585001	9595000
10375001	10380000
10490001	10495000
10495001	10500000
11070001	11075000
11905001	11910000
11920001	11925000
11985001	11990000
12255001	12260000
12815001	12820000
12820001	12825000
12855001	12860000
13300001	13305000
13370001	13375000
13405001	13410000
13520001	13525000
13600001	13605000
13955001	13965000
14055001	14060000
15500001	15505000
15565001	15575000
15575001	15580000
15665001	15670000
15795001	15800000
16065001	16070000
16135001	16140000
16190001	16200000
16275001	16280000
16290001	16295000
16390001	16395000
16750001	16755000
17130001	17135000
17630001	17635000
17825001	17830000
17935001	17940000
18370001	18375000
18805001	18810000
19075001	19080000
19480001	19485000
19760001	19765000
19820001	19830000
20455001	20460000
20520001	20525000
20720001	20725000
20740001	20745000
20745001	20750000
20825001	20830000
20915001	20920000
21245001	21250000
21505001	21510000
21705001	21710000
21905001	21910000
22210001	22215000
22615001	22620000
23055001	23060000
23365001	23370000
23930001	23935000
23945001	23950000
24255001	24260000
24285001	24290000
24700001	24705000
24800001	24810000
24880001	24890000
24920001	24925000
25090001	25095000
25340001	25350000
25430001	25435000
25825001	25830000
25830001	25835000
26335001	26340000
26930001	26935000
26950001	26955000
27150001	27155000
27220001	27225000
27260001	27265000
27495001	27500000
27700001	27705000
27715001	27720000
27765001	27770000
28285001	28290000
28345001	28350000
28370001	28375000
28930001	28935000
28935001	28940000
28970001	28980000 


chr10
525001	530000
1190001	1195000
1580001	1585000
1745001	1750000
1770001	1775000
2225001	2230000
2320001	2325000
2385001	2390000
2475001	2480000
2565001	2570000
3205001	3210000
3300001	3305000
3735001	3740000
3865001	3870000
3910001	3915000
3960001	3965000
4830001	4835000
5570001	5575000
5635001	5640000
5930001	5935000
6925001	6930000
7435001	7440000
7930001	7935000
8425001	8430000
9215001	9220000
9620001	9625000
10320001	10325000
10360001	10365000
10555001	10560000
10625001	10630000
10915001	10920000
10990001	10995000
11110001	11115000
11840001	11845000
12290001	12295000
12340001	12345000
12935001	12940000
13285001	13290000
13290001	13295000
13955001	13960000
13965001	13970000
13980001	13985000
14070001	14080000
14320001	14325000
14395001	14400000
14480001	14485000
14490001	14495000
14720001	14725000
14970001	14975000
15075001	15080000
15140001	15145000
15300001	15305000
15805001	15810000
15820001	15825000
16090001	16095000
16385001	16390000
16710001	16715000
17110001	17115000
17225001	17230000
17960001	17965000
18055001	18060000
18080001	18085000
18085001	18090000
18220001	18225000
18860001	18865000
19170001	19175000
19370001	19375000
19390001	19395000
19670001	19675000
19845001	19850000
19930001	19935000
19985001	19990000
20110001	20115000
20415001	20420000
20835001	20840000
21105001	21110000
21235001	21240000
21335001	21340000
21465001	21470000
21805001	21810000
21985001	21990000
22030001	22035000
22040001	22045000
22335001	22340000
22635001	22640000
22645001	22650000
22680001	22685000
22870001	22875000 


chr08
315001	320000
435001	440000
855001	860000
1200001	1210000
1220001	1225000
1310001	1315000
1340001	1345000
1365001	1370000
1445001	1450000
1450001	1455000
1475001	1480000
1675001	1680000
1705001	1710000
2035001	2040000
2110001	2115000
2115001	2120000
2505001	2510000
2670001	2675000
2780001	2785000
3295001	3305000
3590001	3595000
3595001	3600000
3660001	3665000
3685001	3690000
3735001	3740000
3955001	3960000
4110001	4115000
4135001	4140000
4385001	4390000
5365001	5370000
6355001	6360000
6560001	6565000
6565001	6570000
7430001	7435000
7640001	7645000
7645001	7650000
7690001	7695000
7855001	7860000
8340001	8345000
8700001	8705000
9000001	9005000
9175001	9180000
9190001	9195000
9795001	9800000
9845001	9850000
10075001	10080000
10190001	10195000
10795001	10800000
11405001	11410000
11980001	11985000
12460001	12465000
12660001	12665000
13245001	13250000
13800001	13810000
13825001	13830000
14105001	14110000
14935001	14940000
15055001	15060000
15130001	15135000
15595001	15600000
16340001	16345000
16400001	16405000
16520001	16525000
16760001	16765000
16955001	16960000
17080001	17085000
17625001	17630000
17905001	17910000
17940001	17945000
18295001	18300000
18420001	18425000
18735001	18740000
18745001	18750000
19015001	19020000
19020001	19025000
19805001	19810000
19925001	19930000
20400001	20405000
20550001	20555000
20570001	20575000
20880001	20885000
20885001	20890000
20890001	20895000
20895001	20900000
20905001	20910000
21475001	21480000
21485001	21490000
21490001	21495000
21775001	21780000
21835001	21840000
21905001	21910000
22010001	22015000
22215001	22220000
22715001	22720000
22730001	22735000
23045001	23050000
23280001	23285000
23340001	23345000
23625001	23630000
23840001	23845000
23855001	23860000
23870001	23875000
23990001	23995000
24395001	24400000
25090001	25095000
25275001	25280000
25425001	25430000
25590001	25595000
25960001	25965000
25970001	25975000
26180001	26185000
26300001	26305000
26505001	26510000
26800001	26805000
26805001	26810000
26810001	26815000
26815001	26820000
26990001	26995000
27090001	27095000
27305001	27310000
27560001	27570000
27620001	27625000
27830001	27835000
27965001	27970000
28130001	28135000
28390001	28395000 


chr09
430001	435000
890001	895000
1845001	1850000
3190001	3195000
3275001	3280000
3325001	3330000
3525001	3530000
3590001	3595000
3620001	3625000
3900001	3905000
4135001	4140000
4400001	4405000
4405001	4410000
4605001	4610000
5320001	5325000
5655001	5660000
5835001	5840000
5865001	5870000
5980001	5985000
6115001	6120000
6605001	6610000
6895001	6900000
6950001	6955000
7400001	7405000
8265001	8270000
8315001	8320000
8390001	8395000
8515001	8520000
8750001	8755000
9140001	9145000
9545001	9550000
10620001	10625000
10785001	10790000
11100001	11105000
11580001	11585000
11995001	12000000
12800001	12805000
13020001	13025000
13085001	13090000
13190001	13195000
13210001	13215000
13530001	13535000
13535001	13540000
13575001	13580000
14365001	14370000
14620001	14625000
15065001	15070000
15095001	15100000
15305001	15310000
15545001	15550000
15590001	15595000
15610001	15615000
15620001	15625000
15790001	15795000
16480001	16485000
16505001	16510000
16555001	16560000
16950001	16955000
16960001	16965000
16980001	16985000
17565001	17570000
17730001	17735000
17830001	17835000
17985001	17990000
18285001	18290000
18395001	18400000
18735001	18740000
18905001	18910000
18915001	18920000
19015001	19020000
19020001	19025000
19475001	19480000
19615001	19620000
19645001	19650000
19785001	19790000
19790001	19795000
19880001	19885000
19955001	19960000
19965001	19970000
19970001	19975000
20025001	20030000
20220001	20225000
20335001	20340000
20375001	20380000
20380001	20385000
20960001	20965000
21040001	21045000
21145001	21150000
21350001	21360000
21370001	21375000
21505001	21510000
21595001	21600000
21740001	21745000
21745001	21750000
21845001	21850000
22045001	22050000
22050001	22055000
22510001	22520000
22675001	22680000
22855001	22860000
22880001	22885000
22910001	22915000 


chr04
680001	685000
765001	770000
1380001	1390000
1485001	1490000
2095001	2105000
2760001	2765000
2805001	2810000
2910001	2915000
2915001	2920000
3055001	3060000
3850001	3855000
3855001	3860000
3995001	4000000
4000001	4005000
5620001	5625000
6010001	6015000
6180001	6185000
6535001	6540000
7210001	7215000
7230001	7235000
7740001	7745000
7745001	7750000
8085001	8090000
8095001	8100000
8265001	8270000
8300001	8305000
8340001	8345000
9885001	9890000
9890001	9895000
9950001	9955000
11570001	11575000
11830001	11835000
11845001	11850000
12385001	12390000
13155001	13160000
13190001	13195000
13240001	13245000
13265001	13270000
13290001	13295000
13670001	13675000
13845001	13850000
14650001	14655000
14925001	14930000
15880001	15885000
16415001	16420000
16810001	16815000
16865001	16870000
16880001	16885000
17025001	17030000
17240001	17245000
17455001	17460000
17565001	17570000
17870001	17875000
17885001	17890000
17945001	17950000
18095001	18100000
18130001	18135000
18145001	18150000
18150001	18155000
18205001	18210000
18245001	18250000
18275001	18280000
18315001	18320000
18340001	18345000
18385001	18390000
18470001	18475000
18760001	18765000
18770001	18775000
18780001	18785000
19420001	19425000
19455001	19460000
19715001	19720000
19935001	19940000
20200001	20205000
20300001	20305000
20340001	20345000
20505001	20510000
20525001	20530000
20810001	20815000
21640001	21645000
21645001	21650000
21650001	21655000
21655001	21660000
21660001	21665000
22010001	22015000
22190001	22195000
22220001	22225000
23045001	23050000
23050001	23055000
23055001	23060000
23290001	23295000
23465001	23470000
23525001	23530000
23645001	23650000
23735001	23740000
23740001	23745000
23925001	23930000
24070001	24075000
24190001	24195000
24200001	24205000
24240001	24245000
24315001	24320000
24405001	24410000
24470001	24475000
24640001	24645000
24915001	24920000
25025001	25030000
25115001	25120000
25120001	25125000
26010001	26015000
26260001	26270000
26500001	26505000
26520001	26525000
26525001	26530000
26700001	26710000
26835001	26840000
26870001	26875000
27155001	27160000
27330001	27335000
27610001	27615000
27630001	27635000
27690001	27695000
27730001	27735000
27765001	27770000
27870001	27875000
28215001	28220000
28230001	28235000
28390001	28395000
28430001	28435000
28480001	28485000
28585001	28590000
28835001	28840000
28850001	28855000
28860001	28865000
28870001	28875000
28875001	28880000
28920001	28925000
29010001	29015000
29575001	29580000
29965001	29970000
30080001	30085000
30230001	30235000
30285001	30290000
30320001	30325000
30410001	30415000
30440001	30445000
30450001	30460000
30710001	30715000
30730001	30735000
31190001	31195000
31655001	31660000
31700001	31705000
31710001	31715000
31800001	31805000
31805001	31810000
32005001	32010000
32275001	32280000
32620001	32625000
32665001	32670000
32795001	32800000
32845001	32850000
33070001	33075000
33225001	33230000
33840001	33845000
34000001	34010000
34015001	34020000
34055001	34060000
34080001	34085000
34435001	34440000
34585001	34590000
34780001	34785000
34790001	34800000
34800001	34805000
34820001	34825000
34825001	34830000
34915001	34920000
34925001	34930000
34930001	34935000
34965001	34970000
35040001	35045000
35190001	35195000
35330001	35335000
35415001	35420000 


chr05
170001	175000
1155001	1160000
1535001	1540000
1855001	1860000
2175001	2180000
2515001	2520000
2520001	2525000
2605001	2610000
2890001	2895000
3660001	3665000
3705001	3710000
3715001	3720000
3730001	3735000
3875001	3880000
4065001	4070000
4185001	4190000
4300001	4305000
4325001	4330000
4585001	4590000
4635001	4640000
5230001	5235000
5630001	5635000
5755001	5760000
7035001	7040000
7130001	7135000
7810001	7815000
7930001	7935000
8860001	8865000
9340001	9345000
9935001	9940000
10525001	10530000
11055001	11060000
11415001	11420000
11890001	11895000
12100001	12105000
12320001	12325000
12420001	12425000
12825001	12830000
12830001	12835000
13015001	13020000
13610001	13615000
13960001	13965000
13975001	13980000
14010001	14015000
14550001	14555000
14990001	14995000
15015001	15020000
15060001	15065000
15090001	15095000
15185001	15190000
15615001	15620000
15620001	15625000
15635001	15640000
15845001	15850000
15895001	15900000
16055001	16060000
17105001	17110000
17110001	17115000
17240001	17245000
17325001	17330000
17365001	17370000
17515001	17520000
18250001	18255000
18340001	18345000
18385001	18390000
18430001	18435000
18545001	18550000
18665001	18670000
18765001	18770000
19100001	19105000
19445001	19450000
20175001	20180000
20255001	20260000
20280001	20285000
20435001	20440000
20615001	20620000
20760001	20765000
20930001	20935000
21325001	21330000
21905001	21910000
22275001	22280000
22500001	22505000
22525001	22530000
22530001	22535000
23175001	23180000
23210001	23215000
23340001	23345000
23590001	23595000
24040001	24045000
24110001	24115000
24275001	24280000
24700001	24705000
25330001	25335000
25385001	25390000
25925001	25930000
25930001	25935000
26045001	26050000
26275001	26280000
26305001	26310000
26310001	26315000
26345001	26350000
26650001	26655000
26915001	26920000
26935001	26940000
27245001	27250000
27375001	27380000
27745001	27750000
27965001	27970000
28070001	28075000
28575001	28580000
28620001	28625000
28870001	28875000
28875001	28880000
28910001	28915000
28975001	28985000
28995001	29000000
29020001	29025000
29340001	29345000
29425001	29430000
29745001	29750000 


chr06
185001	190000
365001	370000
635001	640000
760001	765000
895001	900000
1540001	1545000
1550001	1555000
1560001	1565000
1605001	1610000
1725001	1730000
1800001	1805000
1805001	1810000
1890001	1895000
2105001	2110000
2505001	2510000
2605001	2610000
2780001	2785000
3175001	3180000
3360001	3365000
3665001	3670000
3845001	3850000
4460001	4465000
4755001	4760000
4920001	4925000
5070001	5075000
5260001	5265000
5300001	5305000
5930001	5935000
6085001	6090000
6460001	6465000
6465001	6470000
6750001	6755000
7030001	7035000
7600001	7605000
7760001	7765000
8375001	8380000
8900001	8905000
8940001	8945000
9540001	9545000
10440001	10445000
10685001	10690000
10730001	10735000
10800001	10805000
10880001	10885000
11030001	11035000
11085001	11090000
11220001	11225000
11400001	11405000
13295001	13305000
13330001	13335000
13465001	13470000
13585001	13590000
13715001	13720000
13805001	13810000
14945001	14950000
15040001	15045000
15760001	15765000
15925001	15930000
15930001	15935000
16015001	16020000
16440001	16445000
16850001	16860000
16880001	16885000
16970001	16975000
17005001	17010000
17370001	17375000
17455001	17460000
17700001	17705000
17705001	17710000
18250001	18255000
19305001	19310000
19895001	19900000
20145001	20150000
20745001	20750000
20765001	20770000
20885001	20890000
20950001	20955000
21160001	21165000
21775001	21780000
21780001	21785000
21810001	21815000
21950001	21960000
22250001	22260000
22610001	22615000
22615001	22620000
23010001	23015000
23330001	23335000
23470001	23475000
24005001	24010000
24055001	24060000
24090001	24095000
24615001	24620000
24705001	24710000
24925001	24930000
24975001	24980000
25490001	25495000
25890001	25895000
26180001	26185000
26255001	26260000
26260001	26265000
26450001	26455000
26550001	26555000
26660001	26665000
26685001	26690000
27025001	27030000
27235001	27240000
27295001	27300000
27385001	27390000
27435001	27440000
27670001	27675000
27780001	27785000
28040001	28045000
28080001	28085000
28155001	28160000
28180001	28185000
28225001	28230000
28230001	28235000
28260001	28265000
28350001	28355000
28485001	28490000
28955001	28960000
29070001	29075000
29350001	29355000
29360001	29365000
29440001	29445000
29705001	29710000
29715001	29720000
30070001	30075000
30170001	30175000
30175001	30180000
30325001	30330000
30335001	30340000
30370001	30375000
30435001	30440000
31070001	31075000
31090001	31095000 


chr07
10001	15000
15001	20000
145001	150000
425001	430000
1180001	1185000
1710001	1715000
1985001	1990000
2080001	2085000
2215001	2220000
2275001	2280000
2750001	2755000
2900001	2905000
2940001	2945000
2985001	2990000
3020001	3025000
3970001	3975000
4165001	4170000
4625001	4630000
4880001	4885000
5130001	5135000
5150001	5155000
5425001	5430000
5450001	5455000
6560001	6565000
6670001	6675000
7210001	7215000
7470001	7475000
7525001	7530000
7545001	7550000
8230001	8235000
8350001	8355000
8635001	8640000
8640001	8645000
9120001	9125000
9205001	9210000
9325001	9330000
9525001	9530000
9740001	9745000
10175001	10180000
11930001	11935000
12690001	12695000
12755001	12760000
13110001	13115000
13120001	13125000
14480001	14485000
14595001	14600000
14600001	14605000
14820001	14825000
15080001	15090000
15405001	15410000
15635001	15640000
16415001	16420000
16515001	16520000
16715001	16720000
17125001	17130000
17235001	17240000
17435001	17440000
17530001	17535000
17880001	17885000
18015001	18020000
18335001	18340000
18535001	18540000
19005001	19010000
19100001	19105000
19470001	19475000
19975001	19980000
20020001	20025000
20025001	20030000
20085001	20090000
20225001	20230000
21120001	21125000
21575001	21580000
22150001	22155000
22245001	22250000
22395001	22400000
22490001	22495000
22995001	23000000
23000001	23005000
23400001	23405000
23455001	23460000
23525001	23530000
23650001	23655000
24240001	24245000
24460001	24465000
24995001	25000000
25015001	25020000
25285001	25290000
25520001	25525000
26045001	26050000
26295001	26300000
26660001	26665000
27375001	27380000
27420001	27425000
27500001	27505000
27585001	27590000
27625001	27630000
27930001	27935000
28075001	28080000
28150001	28155000
28160001	28165000
28405001	28410000
28445001	28450000
28520001	28525000
28665001	28670000
28740001	28745000
28845001	28850000
28895001	28900000
28910001	28915000
29110001	29115000
29435001	29440000
29535001	29540000
29630001	29635000 


chr01
380001	385000
670001	675000
830001	835000
930001	935000
1175001	1180000
1215001	1220000
1485001	1490000
1500001	1505000
1760001	1765000
2290001	2295000
2305001	2310000
2315001	2320000
2330001	2335000
2670001	2675000
2680001	2685000
2895001	2900000
3120001	3125000
3185001	3190000
3655001	3660000
4255001	4260000
4350001	4355000
4380001	4385000
4620001	4625000
4665001	4670000
4765001	4770000
5990001	5995000
6130001	6135000
6140001	6145000
6440001	6445000
6555001	6560000
6560001	6565000
6675001	6680000
6690001	6695000
7015001	7020000
7095001	7100000
7185001	7190000
7585001	7590000
7935001	7940000
8415001	8420000
8725001	8730000
8985001	8990000
9055001	9060000
9165001	9170000
9760001	9765000
10150001	10155000
10655001	10660000
10785001	10790000
10790001	10795000
11075001	11080000
11525001	11530000
11665001	11670000
11845001	11850000
11890001	11895000
12255001	12260000
12300001	12305000
13030001	13035000
13035001	13040000
13085001	13090000
13160001	13165000
13245001	13250000
14130001	14135000
14310001	14315000
14560001	14565000
14615001	14620000
15045001	15050000
15310001	15315000
16370001	16375000
16675001	16680000
17680001	17685000
17965001	17970000
18230001	18235000
18565001	18570000
18640001	18645000
19090001	19095000
19880001	19885000
20215001	20220000
20315001	20320000
20330001	20335000
20535001	20540000
20540001	20545000
21390001	21395000
22030001	22035000
22375001	22380000
22415001	22420000
22455001	22460000
22520001	22525000
22645001	22650000
23345001	23350000
23355001	23360000
23550001	23555000
23555001	23560000
23580001	23585000
23625001	23630000
23975001	23980000
24020001	24025000
24180001	24185000
24765001	24770000
25015001	25020000
25325001	25330000
25390001	25395000
25440001	25445000
25480001	25485000
25525001	25530000
25800001	25805000
26190001	26195000
26250001	26255000
26820001	26825000
27180001	27185000
27785001	27790000
28025001	28030000
28245001	28250000
28860001	28865000
29285001	29290000
29695001	29700000
29835001	29840000
29970001	29975000
30260001	30265000
30350001	30355000
30405001	30410000
30475001	30480000
30540001	30545000
30975001	30980000
31005001	31015000
31110001	31115000
31830001	31835000
32015001	32020000
32030001	32035000
32685001	32690000
32760001	32765000
33320001	33325000
33945001	33950000
34510001	34515000
34645001	34650000
34685001	34690000
34740001	34745000
35060001	35065000
35515001	35520000
35550001	35555000
36165001	36170000
36175001	36180000
36525001	36530000
36615001	36620000
36635001	36640000
36685001	36690000
37065001	37070000
37095001	37100000
37235001	37240000
37335001	37340000
37815001	37820000
38155001	38160000
38195001	38200000
38760001	38765000
39495001	39500000
39635001	39640000
39650001	39660000
39945001	39950000
40330001	40340000
40415001	40420000
40440001	40445000
40505001	40510000
40620001	40625000
40680001	40685000
41010001	41015000
41850001	41855000
41970001	41975000
41975001	41980000
41985001	41990000
42570001	42575000
42920001	42925000
43205001	43210000 


chr02
15001	20000
390001	395000
415001	420000
515001	520000
1480001	1490000
1550001	1555000
1570001	1575000
1935001	1940000
1965001	1970000
2105001	2115000
2535001	2540000
2600001	2605000
2770001	2775000
2810001	2815000
3125001	3130000
3280001	3285000
3325001	3330000
3490001	3495000
3510001	3515000
3740001	3745000
4005001	4010000
4025001	4030000
4075001	4080000
4195001	4200000
4305001	4310000
4510001	4515000
4650001	4655000
5190001	5195000
5260001	5265000
5345001	5350000
5680001	5685000
6535001	6540000
6590001	6595000
6900001	6905000
7040001	7045000
7065001	7070000
7160001	7170000
7610001	7615000
7650001	7655000
7660001	7665000
7675001	7680000
7795001	7800000
7845001	7850000
7880001	7885000
7885001	7890000
8520001	8525000
8695001	8700000
8715001	8720000
8940001	8945000
10080001	10085000
10235001	10240000
10505001	10510000
10885001	10890000
10895001	10900000
11180001	11185000
11625001	11630000
11750001	11755000
11760001	11765000
12275001	12280000
12450001	12455000
13160001	13165000
14460001	14465000
14745001	14750000
14945001	14950000
15070001	15075000
15285001	15290000
15540001	15545000
15710001	15715000
16090001	16095000
16225001	16230000
16565001	16570000
16645001	16650000
16980001	16985000
17045001	17055000
17130001	17135000
17255001	17260000
18555001	18560000
18895001	18900000
18970001	18975000
18975001	18980000
19330001	19340000
19720001	19725000
20295001	20300000
20640001	20650000
20660001	20665000
20715001	20720000
21035001	21040000
21335001	21340000
21565001	21570000
21660001	21665000
21770001	21775000
22010001	22015000
22015001	22020000
22060001	22065000
22295001	22300000
22300001	22305000
22570001	22575000
22740001	22745000
22795001	22800000
22840001	22845000
22855001	22860000
22895001	22900000
23180001	23185000
23270001	23275000
23605001	23610000
23765001	23770000
23900001	23905000
24115001	24125000
24920001	24925000
25465001	25470000
26130001	26135000
26170001	26175000
26205001	26210000
26240001	26245000
26280001	26285000
26340001	26345000
26415001	26420000
26745001	26755000
26840001	26845000
26850001	26855000
26870001	26875000
27030001	27035000
27115001	27120000
27145001	27150000
27250001	27255000
27335001	27340000
27695001	27700000
28550001	28555000
28865001	28870000
29155001	29160000
29320001	29325000
29505001	29510000
29775001	29780000
29865001	29870000
29910001	29915000
30015001	30020000
30095001	30100000
30325001	30330000
30455001	30460000
30460001	30465000
30505001	30510000
30530001	30535000
30560001	30565000
31045001	31050000
31205001	31210000
31330001	31335000
31950001	31955000
32345001	32350000
32350001	32355000
32425001	32430000
32435001	32440000
32565001	32570000
32595001	32600000
32600001	32605000
32790001	32795000
32840001	32845000
33075001	33080000
33140001	33145000
33715001	33720000
33790001	33795000
33850001	33855000
34260001	34265000
34265001	34270000
34280001	34285000
34285001	34290000
34475001	34480000
34505001	34510000
35030001	35035000
35140001	35145000
35180001	35185000
35635001	35640000
35755001	35760000
35765001	35770000
35820001	35825000
35925001	35930000 


chr03
60001	65000
65001	70000
485001	490000
550001	555000
570001	575000
740001	745000
750001	755000
765001	770000
1160001	1170000
1195001	1205000
1235001	1240000
1595001	1600000
1625001	1630000
1665001	1670000
1935001	1940000
1970001	1975000
2120001	2125000
2490001	2495000
2515001	2520000
2685001	2690000
2815001	2820000
3195001	3200000
3310001	3315000
3345001	3350000
3485001	3490000
3680001	3685000
4000001	4005000
4380001	4385000
4820001	4825000
4950001	4955000
4955001	4960000
5085001	5090000
5230001	5235000
5775001	5780000
6030001	6035000
6155001	6160000
6225001	6235000
6510001	6515000
6595001	6600000
7220001	7225000
7275001	7280000
7330001	7335000
7475001	7480000
7755001	7760000
8105001	8110000
8210001	8215000
8330001	8335000
8340001	8345000
8405001	8410000
8790001	8795000
9005001	9010000
9165001	9170000
9950001	9955000
9965001	9970000
9985001	9990000
10285001	10290000
10385001	10390000
10540001	10545000
10675001	10680000
10955001	10960000
11100001	11105000
11175001	11180000
12135001	12140000
12220001	12225000
13090001	13095000
13180001	13185000
13195001	13200000
13590001	13595000
13695001	13700000
13765001	13770000
14090001	14095000
14855001	14860000
15675001	15680000
16295001	16300000
16695001	16700000
16970001	16975000
17290001	17295000
17820001	17825000
17825001	17830000
18085001	18090000
18135001	18140000
18140001	18145000
18205001	18210000
18920001	18925000
19050001	19055000
19310001	19315000
19345001	19350000
19615001	19620000
20015001	20020000
20720001	20725000
21190001	21195000
21210001	21215000
21430001	21435000
22085001	22090000
22685001	22690000
22690001	22695000
22740001	22745000
22970001	22975000
23075001	23080000
23165001	23170000
23175001	23180000
23395001	23405000
23525001	23530000
23595001	23600000
24655001	24660000
24840001	24845000
25000001	25005000
25290001	25300000
26680001	26685000
26685001	26690000
26760001	26765000
26835001	26840000
26990001	26995000
27100001	27105000
27105001	27110000
27260001	27265000
27265001	27270000
27300001	27305000
27410001	27415000
27515001	27520000
27890001	27895000
27985001	27990000
28300001	28305000
29180001	29185000
29755001	29760000
29820001	29825000
30005001	30010000
30020001	30025000
30025001	30030000
30045001	30050000
30180001	30185000
30300001	30305000
30390001	30395000
30530001	30540000
30545001	30550000
30725001	30730000
30740001	30745000
31005001	31010000
32135001	32140000
32315001	32320000
32450001	32460000
32505001	32510000
32510001	32515000
32520001	32525000
32530001	32535000
32555001	32560000
32570001	32575000
32615001	32620000
32930001	32935000
32980001	32985000
33130001	33135000
33480001	33485000
33545001	33550000
33850001	33855000
33885001	33890000
34000001	34005000
34005001	34010000
34055001	34060000
34275001	34280000
34550001	34555000
34555001	34560000
34560001	34565000
35245001	35250000
35520001	35525000
35780001	35785000
35805001	35815000
35885001	35890000
35990001	35995000
36130001	36135000 


