LOC_Os01g12820	10107095881, 10107095892, 10107095893, 10107095894
LOC_Os01g15970	10108987025, 10108987027, 10108987029, 10108987031, 10108987034, 10108987041, 10108987043
LOC_Os01g18850	10110656754, 10110656755, 10110656759, 10110656762, 10110656767
LOC_Os01g41240	10123345374, 10123345376, 10123345380, 10123345386, 10123345388, 10123345389
LOC_Os01g51890	10129836207, 10129836209, 10129836213, 10129836214, 10129836216, 10129836217
LOC_Os01g63050	10136529856, 10136529858, 10136529862, 10136529864, 10136529872, 10136529877
LOC_Os01g63880	10137065727, 10137065731, 10137065733, 10137065734, 10137065736, 10137065744
LOC_Os02g10210	10205349537, 10205349538, 10205349539, 10205349542, 10205349547, 10205349558, 10205349559
LOC_Os02g14290	10207845932, 10207845936
LOC_Os02g43560	10226281007, 10226281009, 10226281013, 10226281014, 10226281016, 10226281017, 10226281019, 10226281034, 10226281044, 10226281046
LOC_Os03g15350	10308405844, 10308405856
LOC_Os03g25945	10314856376
LOC_Os03g47960	10327266277, 10327266278
LOC_Os03g48010	10327300261, 10327300273
LOC_Os03g49126	10327986750, 10327986757, 10327986761
LOC_Os03g53600	10330740213, 10330740223
LOC_Os03g63370	10335809992, 10335809993, 10335809997, 10335809998, 10335810004, 10335810005, 10335810010, 10335810011, 10335810012
LOC_Os04g39160	10423290501, 10423290502, 10423290506, 10423290511, 10423290517, 10423290519
LOC_Os04g57154	10434059065, 10434059066, 10434059067
LOC_Os05g03610	10501535841, 10501535846, 10501535847, 10501535858
LOC_Os05g39540	10523212830
LOC_Os05g43570	10525331826, 10525331827, 10525331829, 10525331831, 10525331840, 10525331841, 10525331844, 10525331847, 10525331848, 10525331849
LOC_Os05g46490	10526935827, 10526935839, 10526935843, 10526935847, 10526935850, 10526935851, 10526935852
LOC_Os06g05530	10602505765
LOC_Os06g11500	10606088577
LOC_Os06g17950	10610441840, 10610441856
LOC_Os06g38210	
LOC_Os06g39330	10623333387, 10623333388, 10623333390, 10623333396, 10623333397, 10623333400, 10623333401, 10623333403, 10623333407
LOC_Os06g45890	10627780711, 10627780723
LOC_Os06g48060	10629072367, 10629072376, 10629072378, 10629072380, 10629072383
LOC_Os07g05145	10702276404, 10702276410, 10702276411, 10702276420
LOC_Os07g40450	10724243262, 10724243268, 10724243273, 10724243277, 10724243281, 10724243282, 10724243285
LOC_Os07g48370	10728914051
LOC_Os08g29760	10818299109, 10818299113, 10818299123, 10818299125
LOC_Os08g37700	
LOC_Os08g41080	10825971389, 10825971391, 10825971396, 10825971398, 10825971403, 10825971404
LOC_Os09g07320	
LOC_Os09g10710	
LOC_Os09g36320	10920962242, 10920962246, 10920962253, 10920962254, 10920962256, 10920962261, 10920962263
LOC_Os09g37020	10921354922, 10921354923, 10921354925, 10921354927, 10921354935
LOC_Os10g42100	11022645171, 11022645181, 11022645184, 11022645186
LOC_Os11g47160	11128373971
LOC_Os12g16290	11209316817, 11209316828
LOC_Os12g16350	11209362924, 11209362941
