5	174012	174032	osa-miR426
12	269799	269819	osa-miR1846c-5p
12	269828	269848	osa-miR1846c-3p
9	430438	430458	osa-miR2055
10	528282	528302	osa-miR1846a-5p
6	637326	637346	osa-miR5508
1	672288	672309	osa-miR1859
11	701147	701170	osa-miR1319a
1	832970	832989	osa-miR531b
1	933456	933477	osa-miR1860-3p
1	933510	933530	osa-miR1860-5p
11	958610	958630	osa-miR810b.2
11	958634	958654	osa-miR810b.1
8	1201557	1201578	osa-miR2275b
1	1214187	1214207	osa-miR159b
8	1219400	1219423	osa-miR531a
11	1285654	1285677	osa-miR5082
11	1383746	1383766	osa-miR3982-3p
11	1383932	1383952	osa-miR3982-5p
6	1552127	1552147	osa-miR439h
2	1553162	1553185	osa-miR168a-3p
2	1553210	1553230	osa-miR168a-5p
6	1561045	1561065	osa-miR399d
10	1583934	1583954	osa-miR5526
3	1624444	1624466	osa-miR6246
3	1666326	1666346	osa-miR528-5p
3	1666391	1666411	osa-miR528-3p
8	1706577	1706597	osa-miR160c-5p
8	1706645	1706665	osa-miR160c-3p
10	1773317	1773337	osa-miR2929
6	1800940	1800960	osa-miR5789
6	1892818	1892837	osa-miR2931
3	1969495	1969515	osa-miR171e-5p
3	1969571	1969591	osa-miR171e-3p
12	1969870	1969890	osa-miR6254
8	2035957	2035977	osa-miR1429-3p
8	2036055	2036075	osa-miR1429-5p
12	2038481	2038502	osa-miR5160
7	2215770	2215790	osa-miR160e-3p
7	2215845	2215865	osa-miR160e-5p
1	2308233	2308253	osa-miR393a
1	2316365	2316385	osa-miR5494
10	2321007	2321027	osa-miR5080
1	2333230	2333250	osa-miR5521
5	2518499	2518522	osa-miR5153
11	2519195	2519218	osa-miR1862e
11	2521228	2521248	osa-miR2872
2	2535115	2535135	osa-miR1428c
8	2671534	2671554	osa-miR5796
11	2729816	2729836	osa-miR1857-5p
11	2729905	2729925	osa-miR1857-3p
4	2757454	2757474	osa-miR5533
11	2809112	2809135	osa-miR5148c
9	3277307	3277327	osa-miR5524
2	3280866	3280886	osa-miR397b
8	3298228	3298248	osa-miR395h
8	3298390	3298410	osa-miR395i
8	3298563	3298583	osa-miR395j
8	3298723	3298743	osa-miR395k
8	3298898	3298918	osa-miR395y
8	3299073	3299093	osa-miR395l
3	3346688	3346708	osa-miR167g
3	3486795	3486814	osa-miR166c-5p
3	3486874	3486894	osa-miR166c-3p
2	3511584	3511604	osa-miR160a-3p
2	3511647	3511667	osa-miR160a-5p
8	3596819	3596842	osa-miR5807
5	3661583	3661604	osa-miR5151
8	3663294	3663314	osa-miR439g
6	3668660	3668680	osa-miR396b-5p
6	3668737	3668756	osa-miR396b-3p
8	3688104	3688125	osa-miR1853-3p
8	3688149	3688172	osa-miR1853-5p
8	3735829	3735850	osa-miR2275d
2	3742246	3742266	osa-miR167e-3p
2	3742480	3742500	osa-miR167e-5p
5	3876996	3877019	osa-miR2871a-5p
5	3877081	3877101	osa-miR2871a-3p
9	3903488	3903509	osa-miR5525
8	3955061	3955081	osa-miR1437b-5p
10	3960355	3960376	osa-miR1428g-5p
2	4007275	4007296	osa-miR818b
7	4165304	4165325	osa-miR167d-3p
7	4165375	4165395	osa-miR167d-5p
2	4195672	4195692	osa-miR2863b
5	4302813	4302833	osa-miR3981-5p
5	4302874	4302894	osa-miR3981-3p
1	4351598	4351621	osa-miR5830
2	4512971	4512990	osa-miR156d
12	4601480	4601499	osa-miR2105
1	4665003	4665022	osa-miR156c-5p
1	4665074	4665095	osa-miR156c-3p
1	4665383	4665402	osa-miR156b-5p
1	4665450	4665470	osa-miR156b-3p
1	4765355	4765375	osa-miR1431
10	4850007	4850030	osa-miR1876
10	4850237	4850260	osa-miR1862d
12	4866545	4866568	osa-miR1863b
12	4866570	4866592	osa-miR1863b.2
12	4868450	4868473	osa-miR1863c
6	4922877	4922900	osa-miR1872
6	5072522	5072542	osa-miR1320-3p
6	5072571	5072591	osa-miR1320-5p
3	5229185	5229208	osa-miR812g
5	5230597	5230617	osa-miR156l-5p
5	5230713	5230734	osa-miR156l-3p
6	5262518	5262541	osa-miR5154
6	5299641	5299661	osa-miR396g
8	5368225	5368245	osa-miR171b
7	5450408	5450429	osa-miR1428f-5p
10	5589495	5589515	osa-miR439b
4	5617415	5617435	osa-miR5337a
10	5651969	5651992	osa-miR1879
2	5683388	5683410	osa-miR5340
12	5724941	5724964	osa-miR1881
10	5948004	5948025	osa-miR2095-5p
10	5948055	5948074	osa-miR2095-3p
9	5979663	5979683	osa-miR1440b
9	5979666	5979685	osa-miR1440a
1	5989135	5989158	osa-miR5817
3	6032241	6032264	osa-miR812s
11	6081150	6081170	osa-miR169n
11	6400115	6400135	osa-miR5534a
1	6442398	6442418	osa-miR2096-5p
1	6442596	6442616	osa-miR2096-3p
4	6531797	6531818	osa-miR1861d
4	6532014	6532035	osa-miR1861e
2	6536024	6536043	osa-miR2928
1	6555058	6555078	osa-miR159c
1	6562766	6562786	osa-miR159d
7	6671135	6671155	osa-miR5798
1	6676580	6676599	osa-miR319b
1	6692269	6692289	osa-miR159f
12	6823915	6823935	osa-miR1430
10	6944308	6944328	osa-miR820c
1	7188323	7188343	osa-miR1426
11	7273805	7273826	osa-miR2907b
3	7330669	7330688	osa-miR2866
12	7330709	7330732	osa-miR5810
8	7640426	7640447	osa-miR169p
2	7650769	7650789	osa-miR399i
2	7664036	7664056	osa-miR399b
2	7675372	7675392	osa-miR399g
2	7796931	7796951	osa-miR5484
11	7803216	7803237	osa-miR2118p
8	7857378	7857399	osa-miR1854-3p
8	7857447	7857467	osa-miR1854-5p
11	7874091	7874111	osa-miR5075
7	8232895	8232915	osa-miR439c
12	8234991	8235011	osa-miR419
4	8298820	8298840	osa-miR530-3p
4	8298939	8298958	osa-miR530-5p
4	8336178	8336198	osa-miR2871b
8	8340248	8340271	osa-miR1862b
10	8358492	8358513	osa-miR1438
6	8375864	8375885	osa-miR2930
1	8414818	8414841	osa-miR5143b
9	8514762	8514783	osa-miR2865
2	8522085	8522108	osa-miR1863a
11	8658201	8658224	osa-miR812u
8	8701827	8701850	osa-miR1874-3p
8	8701896	8701919	osa-miR1874-5p
2	8715221	8715242	osa-miR2122
1	8728141	8728161	osa-miR169a
5	8862090	8862110	osa-miR1425-5p
5	8862147	8862167	osa-miR1425-3p
1	9054610	9054631	osa-miR2097-5p
1	9054748	9054769	osa-miR2097-3p
7	9121423	9121446	osa-miR1882c
9	9139171	9139192	osa-miR5536
10	9145081	9145101	osa-miR398a
11	9159406	9159429	osa-miR440
8	9178601	9178624	osa-miR5155
8	9191770	9191790	osa-miR1427
5	9341199	9341219	osa-miR5833
11	9362653	9362676	osa-miR1883b
7	9525442	9525462	osa-miR5518
11	9581574	9581594	osa-miR5528
11	9584547	9584567	osa-miR5527
5	9936877	9936895	osa-miR2919
4	9943697	9943718	osa-miR5813
3	9967891	9967914	osa-miR5148a
12	10071651	10071671	osa-miR1439
12	10113743	10113763	osa-miR2092-5p
12	10113812	10113833	osa-miR2092-3p
12	10133796	10133816	osa-miR413
2	10239114	10239134	osa-miR5541
10	10249735	10249758	osa-miR1882e-3p
10	10249832	10249855	osa-miR1882e-5p
3	10287459	10287480	osa-miR5531
11	10370811	10370831	osa-miR1856
10	10485530	10485548	osa-miR2932
3	10541083	10541103	osa-miR164e
6	10731174	10731197	osa-miR5799
8	10796437	10796458	osa-miR5503
10	10844889	10844910	osa-miR5079b
2	10889720	10889741	osa-miR814c
10	11041581	11041602	osa-miR5537
11	11067820	11067843	osa-miR1882f
9	11102945	11102966	osa-miR5795
6	11401647	11401666	osa-miR2926
9	11583061	11583084	osa-miR5816
1	11665826	11665846	osa-miR7695-3p
1	11666017	11666040	osa-miR7695-5p
10	11771703	11771726	osa-miR5792
4	11821519	11821539	osa-miR5498
1	11845150	11845173	osa-miR5812
1	11893378	11893398	osa-miR2924
11	11900935	11900956	osa-miR2907c
11	11915079	11915102	osa-miR5159
12	12081133	12081152	osa-miR5161
12	12112462	12112483	osa-miR2907d
1	12300665	12300685	osa-miR408-5p
1	12300787	12300807	osa-miR408-3p
11	12395528	12395551	osa-miR5826
12	12443610	12443631	osa-miR5535
2	12450916	12450936	osa-miR5179
12	12671865	12671885	osa-miR5074
7	12754933	12754956	osa-miR1873
11	12908339	12908360	osa-miR2104
11	13059863	13059886	osa-miR1883a
7	13110502	13110522	osa-miR172c
7	13119712	13119732	osa-miR820b
4	13148059	13148079	osa-miR5818
1	13159759	13159779	osa-miR1428a-5p
1	13159839	13159859	osa-miR1428a-3p
9	13193081	13193101	osa-miR1858b
3	13196755	13196778	osa-miR5811
9	13210476	13210495	osa-miR1846e
4	13234358	13234381	osa-miR812f
6	13329546	13329569	osa-miR1871
12	13386519	13386540	osa-miR5505
11	13496221	13496244	osa-miR1880
9	13531447	13531468	osa-miR1861l
9	13531665	13531686	osa-miR1861m
9	13535655	13535675	osa-miR1858a
3	13590621	13590641	osa-miR2905
3	13697098	13697118	osa-miR439d
12	13819201	13819224	osa-miR5805
5	13905213	13905233	osa-miR5516b
10	13911424	13911444	osa-miR5820
8	14105369	14105392	osa-miR812n-3p
8	14105544	14105567	osa-miR812n-5p
1	14129457	14129477	osa-miR820a
10	14412071	14412091	osa-miR166f
7	14597634	14597654	osa-miR398b
9	14619453	14619473	osa-miR169d
4	14643735	14643755	osa-miR5511
10	14651892	14651912	osa-miR167f
5	14934849	14934869	osa-miR815b
8	14937182	14937202	osa-miR417
2	14943209	14943232	osa-miR1864
6	14948514	14948535	osa-miR1861i
11	15041217	15041237	osa-miR414
1	15048768	15048789	osa-miR1861a
8	15054862	15054882	osa-miR439e
8	15129870	15129891	osa-miR1861k
8	15130088	15130109	osa-miR1861j
12	15162153	15162173	osa-miR5506
8	15595382	15595405	osa-miR2874
7	15635761	15635781	osa-miR171g
4	15711075	15711095	osa-miR529b
11	15729879	15729900	osa-miR2100-3p
10	15738033	15738053	osa-miR439i
11	15812535	15812556	osa-miR2867-5p
11	15812594	15812613	osa-miR2867-3p
11	15825406	15825426	osa-miR535-3p
11	15825471	15825491	osa-miR535-5p
5	15838784	15838804	osa-miR164b
5	15998542	15998561	osa-miR2093-3p
5	15998561	15998580	osa-miR2093-5p
6	16014703	16014723	osa-miR5828
10	16022711	16022734	osa-miR1862c
2	16222014	16222033	osa-miR529a
4	16245359	16245379	osa-miR5543
1	16372497	16372520	osa-miR2121a
8	16398572	16398593	osa-miR812e
12	16418501	16418524	osa-miR5162
9	16554518	16554541	osa-miR1878
12	16583922	16583943	osa-miR1861n
2	16642014	16642034	osa-miR6245
4	16710438	16710461	osa-miR2121b
12	16846561	16846582	osa-miR2103
9	16950828	16950848	osa-miR166l-5p
9	16950902	16950922	osa-miR166l-3p
8	16953354	16953377	osa-miR5156
6	16972829	16972849	osa-miR5492
6	17007988	17008008	osa-miR2876-3p
6	17008128	17008148	osa-miR2876-5p
2	17043996	17044016	osa-miR5147
2	17044504	17044524	osa-miR437
4	17069852	17069872	osa-miR5499
4	17072272	17072292	osa-miR5515
5	17267093	17267113	osa-miR164c
4	17284294	17284314	osa-miR416
6	17369240	17369263	osa-miR812t
4	17397214	17397234	osa-miR5487
6	17457741	17457762	osa-miR5072
11	17472138	17472157	osa-miR2868
9	17566955	17566978	osa-miR1875
6	17700928	17700948	osa-miR5836
12	17958136	17958157	osa-miR2101-5p
12	17958202	17958223	osa-miR2101-3p
4	17959860	17959880	osa-miR1848
10	18009023	18009042	osa-miR2098-3p
10	18009051	18009070	osa-miR2098-5p
12	18010577	18010597	osa-miR5488
4	18033729	18033750	osa-miR5523
12	18081990	18082012	osa-miR6252
10	18152148	18152171	osa-miR812q
5	18189978	18189997	osa-miR2102-5p
5	18190043	18190064	osa-miR2102-3p
3	18208328	18208347	osa-miR435
4	18215034	18215054	osa-miR5512b
4	18215127	18215147	osa-miR5512a
9	18288181	18288201	osa-miR156k
4	18298844	18298867	osa-miR5150-5p
4	18298878	18298901	osa-miR5150-3p
12	18300817	18300837	osa-miR166g-5p
12	18300917	18300937	osa-miR166g-3p
11	18343733	18343756	osa-miR812r
5	18372331	18372354	osa-miR812v
2	18552592	18552612	osa-miR169f.1
2	18552613	18552633	osa-miR169f.2
5	18605897	18605918	osa-miR1861f
5	18606116	18606137	osa-miR1861g
8	18736721	18736744	osa-miR1882d
9	18738256	18738279	osa-miR5808
8	18743880	18743900	osa-miR818f
10	18792938	18792959	osa-miR7694-3p
10	18793008	18793031	osa-miR7694-5p
2	18890048	18890071	osa-miR2879
3	18922730	18922753	osa-miR1882a
2	18969007	18969027	osa-miR2873b
11	19013850	19013869	osa-miR3979-5p
11	19013922	19013941	osa-miR3979-3p
12	19099444	19099464	osa-miR5510
4	19248125	19248145	osa-miR169g
12	19289729	19289752	osa-miR5801
6	19305940	19305963	osa-miR5835
2	19329143	19329164	osa-miR5544
12	19374848	19374869	osa-miR2091-3p
12	19374899	19374919	osa-miR2091-5p
12	19457231	19457251	osa-miR1441
4	19543172	19543195	osa-miR1423-5p
4	19543246	19543266	osa-miR1423-3p
4	19543529	19543552	osa-miR1868
9	19788390	19788410	osa-miR169j
9	19791662	19791682	osa-miR169k
10	19915655	19915675	osa-miR166a-5p
10	19915743	19915763	osa-miR166a-3p
8	19922648	19922671	osa-miR821c
7	19976434	19976454	osa-miR6247
6	20148380	20148403	osa-miR5829
4	20168445	20168464	osa-miR1862g
2	20292474	20292494	osa-miR5495
1	20315561	20315581	osa-miR1436
1	20331849	20331869	osa-miR1847.1
1	20331892	20331915	osa-miR1847.2
11	20362532	20362555	osa-miR1882g
12	20520380	20520401	osa-miR5539a
8	20572097	20572120	osa-miR812m
4	20638213	20638233	osa-miR5804
5	20698568	20698588	osa-miR1852
6	20744991	20745011	osa-miR438
6	20887644	20887664	osa-miR399f
12	20986438	20986458	osa-miR5507
11	21040564	21040587	osa-miR5823
11	21040977	21040998	osa-miR2923
9	21043608	21043631	osa-miR1877
12	21135604	21135624	osa-miR5832
6	21163801	21163824	osa-miR1870-5p
6	21163897	21163920	osa-miR1870-3p
10	21165803	21165823	osa-miR171d-5p
10	21165895	21165915	osa-miR171d-3p
3	21190120	21190140	osa-miR171i-5p
3	21190200	21190220	osa-miR171i-3p
10	21265771	21265792	osa-miR5538
4	21471000	21471021	osa-miR2118a
4	21472912	21472935	osa-miR1869
4	21473373	21473394	osa-miR2118b
4	21475513	21475534	osa-miR2118e
4	21475777	21475798	osa-miR2118d
4	21476018	21476039	osa-miR2118c
12	21478101	21478124	osa-miR1882h
4	21478384	21478404	osa-miR5522
4	21478389	21478410	osa-miR2118g
4	21478603	21478624	osa-miR2118f
4	21480476	21480497	osa-miR2118i
4	21480729	21480750	osa-miR2118h
4	21482685	21482706	osa-miR2118j
4	21484793	21484814	osa-miR2118l
4	21485032	21485053	osa-miR2118k
8	21486464	21486487	osa-miR5157b-3p
8	21486513	21486536	osa-miR5157b-5p
4	21486942	21486963	osa-miR2118m
8	21488522	21488541	osa-miR156h-5p
8	21488682	21488703	osa-miR156h-3p
4	21489349	21489370	osa-miR2118o
4	21489582	21489603	osa-miR2118n
10	21736811	21736830	osa-miR816
11	21747428	21747451	osa-miR2921
12	21748885	21748905	osa-miR5530
5	21845314	21845334	osa-miR5078
4	22039759	22039779	osa-miR1849
3	22086669	22086689	osa-miR5485
7	22151508	22151531	osa-miR812i
1	22374003	22374024	osa-miR814a
7	22394358	22394379	osa-miR812d
1	22417299	22417322	osa-miR5146
1	22523176	22523195	osa-miR156a
11	22591374	22591394	osa-miR5489
10	22612772	22612791	osa-miR2922
3	22740117	22740140	osa-miR2880
2	22834302	22834322	osa-miR5514
2	22853910	22853930	osa-miR5496
9	22881431	22881451	osa-miR172a
2	22892401	22892421	osa-miR5493
3	22972727	22972750	osa-miR821a
8	23042789	23042809	osa-miR166m
3	23075844	23075864	osa-miR1428d
5	23281352	23281372	osa-miR164f
4	23342469	23342488	osa-miR5809
3	23398098	23398121	osa-miR1319b
7	23400714	23400734	osa-miR1432-3p
7	23400791	23400811	osa-miR1432-5p
4	23462833	23462854	osa-miR5532
5	23528987	23529010	osa-miR5825
3	23596760	23596781	osa-miR2907a
2	23600072	23600092	osa-miR162a
2	23762750	23762770	osa-miR2106
11	23792655	23792675	osa-miR5509
11	23822872	23822892	osa-miR5793
2	23895299	23895319	osa-miR827
8	23990886	23990909	osa-miR5158
2	24114194	24114213	osa-miR156i
4	24220863	24220883	osa-miR162b
11	24236001	24236021	osa-miR5837.1
11	24236022	24236042	osa-miR5837.2
12	24324816	24324836	osa-miR5519
11	24338777	24338797	osa-miR5529
12	24340973	24340993	osa-miR5791
8	24394178	24394198	osa-miR160f-5p
8	24394239	24394259	osa-miR160f-3p
11	24454990	24455010	osa-miR5800
12	24571888	24571908	osa-miR5821
6	24617696	24617716	osa-miR5517
11	24625408	24625428	osa-miR5490
6	24707679	24707699	osa-miR5806
4	24841263	24841282	osa-miR156e
1	25016339	25016362	osa-miR5815
3	25293048	25293068	osa-miR166i-5p
3	25293148	25293168	osa-miR166i-3p
1	25325355	25325375	osa-miR5144-3p
1	25325734	25325754	osa-miR5144-5p
1	25389390	25389410	osa-miR1428b
12	25443216	25443236	osa-miR167a-5p
12	25443312	25443333	osa-miR167a-3p
12	25447023	25447043	osa-miR167h-5p
12	25447104	25447124	osa-miR167h-3p
12	25631175	25631195	osa-miR2864.2
12	25631186	25631206	osa-miR2864.1
1	25800030	25800048	osa-miR2925
12	25841593	25841614	osa-miR7693-3p
12	25841694	25841717	osa-miR7693-5p
11	25864359	25864379	osa-miR5822
6	25890201	25890221	osa-miR171a
5	25987173	25987193	osa-miR1851
2	26124210	26124230	osa-miR166d-5p
2	26124280	26124300	osa-miR166d-3p
8	26178679	26178702	osa-miR2878-5p
8	26178721	26178744	osa-miR2878-3p
1	26191318	26191341	osa-miR1862a
5	26212610	26212631	osa-miR1850.3
5	26212641	26212661	osa-miR1850.2
5	26212666	26212686	osa-miR1850.1
12	26236974	26236994	osa-miR415
5	26243311	26243331	osa-miR399c
5	26245367	26245387	osa-miR399h
5	26248691	26248711	osa-miR399k
1	26249166	26249189	osa-miR7692-5p
1	26249430	26249453	osa-miR7692-3p
2	26335353	26335374	osa-miR814b
11	26459079	26459102	osa-miR531c
7	26661372	26661392	osa-miR1424
8	26800422	26800443	osa-miR169i-5p.2
8	26800445	26800465	osa-miR169i-5p.1
8	26800536	26800557	osa-miR169i-3p
8	26804645	26804665	osa-miR169h
8	26811193	26811213	osa-miR169m
8	26814784	26814804	osa-miR169l
8	26814851	26814871	osa-miR169q
1	26822248	26822267	osa-miR319a-3p.2-3p
1	26822292	26822312	osa-miR319a-3p
1	26822353	26822373	osa-miR319a-5p
3	26831954	26831974	osa-miR5486
5	26852696	26852716	osa-miR2869
8	27089386	27089409	osa-miR2875
3	27101402	27101422	osa-miR2863a
2	27142298	27142317	osa-miR394
11	27244238	27244258	osa-miR1846b-3p
11	27244267	27244287	osa-miR1846b-5p
2	27330569	27330589	osa-miR168b
6	27435703	27435726	osa-miR5148b
7	27502539	27502559	osa-miR2873c
4	27545941	27545962	osa-miR5500
7	27588083	27588102	osa-miR1442
6	27673761	27673781	osa-miR167i-5p
6	27673923	27673943	osa-miR167i-3p
6	28080051	28080071	osa-miR160b-5p
6	28080114	28080134	osa-miR160b-3p
7	28153442	28153463	osa-miR818e
6	28180420	28180441	osa-miR5079a
6	28263711	28263732	osa-miR6250
4	28297361	28297381	osa-miR171h
4	28400105	28400128	osa-miR2877
7	28404599	28404621	osa-miR2920
11	28410364	28410387	osa-miR2873a
6	28488797	28488817	osa-miR397a
5	28515301	28515324	osa-miR5831
7	28522468	28522488	osa-miR164a
4	28653066	28653086	osa-miR5501
4	28688053	28688073	osa-miR399j
5	28847405	28847425	osa-miR5152-3p
5	28847583	28847603	osa-miR5152-5p
5	28917301	28917322	osa-miR5502
1	29288395	29288414	osa-miR1435
6	29361785	29361805	osa-miR5339
5	29684045	29684065	osa-miR815a
3	29749568	29749589	osa-miR5149
4	29896918	29896938	osa-miR5827
3	30000002	30000022	osa-miR5788
3	30014525	30014546	osa-miR443
3	30020825	30020845	osa-miR171f-5p
3	30020909	30020929	osa-miR171f-3p
4	30046418	30046441	osa-miR5803
4	30101341	30101361	osa-miR6249b
4	30135060	30135080	osa-miR396d
6	30326104	30326124	osa-miR166b-3p
6	30326250	30326270	osa-miR166b-5p
3	30385687	30385707	osa-miR166j-3p
3	30385730	30385750	osa-miR166j-5p
1	30476578	30476598	osa-miR399e
1	30477710	30477730	osa-miR399a
4	30527294	30527314	osa-miR169c
3	30539942	30539962	osa-miR167b
6	31090931	31090951	osa-miR2918
2	31200098	31200118	osa-miR169e
4	31528375	31528395	osa-miR171c-3p
4	31528434	31528454	osa-miR171c-5p
4	31619536	31619556	osa-miR395g
4	31619674	31619694	osa-miR395f
4	31619815	31619835	osa-miR395e
4	31619958	31619978	osa-miR395d
4	31620096	31620116	osa-miR395c
4	31620237	31620257	osa-miR395b
4	31620397	31620417	osa-miR395a
2	32429144	32429164	osa-miR166k-3p
2	32429228	32429248	osa-miR166k-5p
2	32429315	32429335	osa-miR166h-3p
2	32429391	32429411	osa-miR166h-5p
4	32436982	32437002	osa-miR395m
4	32437178	32437198	osa-miR395n
4	32437319	32437339	osa-miR395o
4	32437462	32437482	osa-miR395p
4	32437605	32437625	osa-miR395q
4	32437748	32437768	osa-miR395r
4	32437888	32437908	osa-miR395s
4	32438017	32438037	osa-miR395x
3	32447868	32447888	osa-miR160d-5p
3	32447979	32447999	osa-miR160d-3p
3	32498895	32498915	osa-miR5497
3	32565868	32565888	osa-miR6248
4	32612613	32612633	osa-miR5542
1	32685138	32685158	osa-miR167j
2	32835902	32835922	osa-miR396h
3	33123505	33123525	osa-miR167c-5p
3	33123611	33123633	osa-miR167c-3p
2	33137761	33137781	osa-miR164d
1	33946281	33946302	osa-miR812a
3	33993474	33993497	osa-miR1865-5p
3	33993574	33993597	osa-miR1865-3p
3	34000988	34001008	osa-miR5513
4	34251726	34251746	osa-miR396e-5p
4	34251865	34251888	osa-miR396e-3p
3	34268026	34268045	osa-miR390-3p
3	34268062	34268082	osa-miR390-5p
2	34274525	34274545	osa-miR396a-5p
2	34274640	34274659	osa-miR396a-3p
2	34282012	34282032	osa-miR396c-3p
2	34282114	34282134	osa-miR396c-5p
4	34746775	34746795	osa-miR393b-3p
4	34746850	34746871	osa-miR393b-5p
4	34784070	34784091	osa-miR818d
2	35137687	35137707	osa-miR172d-3p
2	35137757	35137776	osa-miR172d-5p
2	35176773	35176793	osa-miR418
1	35551695	35551715	osa-miR5540
2	35630685	35630708	osa-miR396f-3p
2	35630824	35630845	osa-miR396f-5p
3	35775298	35775318	osa-miR169r-5p
3	35775370	35775390	osa-miR169r-3p
3	35878360	35878380	osa-miR5337b
2	35923010	35923031	osa-miR818c
1	37097086	37097108	osa-miR2927
1	38763321	38763342	osa-miR2090
1	39636032	39636053	osa-miR1846d-5p
1	39636108	39636127	osa-miR1846d-3p
1	40414495	40414516	osa-miR818a
1	40621650	40621673	osa-miR5145
1	41009540	41009559	osa-miR5083
1	42569818	42569839	osa-miR2099-5p
1	42569840	42569859	osa-miR2099-3p
1	42922702	42922722	osa-miR172b
1	43207588	43207609	osa-miR5076
1	17681077	17681097	osa-miR159a.2
1	9759694	9759714	osa-miR159e
1	19879163	19879183	osa-miR439a
1	27180837	27180857	osa-miR2870
1	17681118	17681138	osa-miR159a.1
2	29773781	29773801	osa-miR2094-5p
2	1936332	1936353	osa-miR812b
2	12276365	12276385	osa-miR817
2	20710111	20710132	osa-miR1861b
2	20710328	20710349	osa-miR1861c
2	29863705	29863728	osa-miR2863c
2	29773810	29773831	osa-miR2094-3p
3	23075368	23075389	osa-miR1428e-5p
3	6509880	6509903	osa-miR1866-5p
3	1163962	1163985	osa-miR812h
3	14093453	14093471	osa-miR5077
3	23075439	23075459	osa-miR1428e-3p
3	6509921	6509942	osa-miR1866-3p
5	15128363	15128383	osa-miR5338
6	27295008	27295028	osa-miR169b
6	26259443	26259464	osa-miR812c
6	27237265	27237286	osa-miR1861h
7	5425889	5425909	osa-miR815c
7	16416252	16416275	osa-miR821b
7	15898	15919	osa-miR5081
7	16718855	16718877	osa-miR2275c
8	21473511	21473534	osa-miR5157a-5p
8	19803819	19803842	osa-miR812j
8	22731108	22731131	osa-miR2120
8	1204073	1204094	osa-miR2275a
8	4113073	4113093	osa-miR5071
8	19017792	19017814	osa-miR5073
8	21473462	21473485	osa-miR5157a-3p
9	6606363	6606383	osa-miR395t
9	6605711	6605731	osa-miR395u
9	16962091	16962111	osa-miR439f
9	6605575	6605595	osa-miR395v
9	6605291	6605312	osa-miR395w
9	6895428	6895448	osa-miR5491
10	17156950	17156970	osa-miR5504
10	528311	528331	osa-miR1846a-3p
11	15729995	15730016	osa-miR2100-5p
11	6077422	6077442	osa-miR169o
11	21242927	21242947	osa-miR1855
11	7806492	7806513	osa-miR2118q
11	7806006	7806027	osa-miR2118r
11	6400242	6400262	osa-miR5534b
3	764829	764849	osa-miR166e-5p
9	15064255	15064274	osa-miR156g-5p
8	21488522	21488541	osa-miR156f-5p
